0.446878 0.533419 0.019703
0.339259 0.659996 0.000744
0.931414 0.018050 0.050536
0.520499 0.393883 0.085618
0.552179 0.041949 0.405872
0.334144 0.648069 0.017786
0.980467 0.018096 0.001437
0.429225 0.139131 0.431644
0.709235 0.252145 0.038620
0.365770 0.008473 0.625757
0.943784 0.044915 0.011302
0.337946 0.662029 0.000025
0.478613 0.196079 0.325307
0.361396 0.189147 0.449456
0.339439 0.322114 0.338446
0.996045 0.001564 0.002391
0.365102 0.580756 0.054142
0.348316 0.024028 0.627656
0.429522 0.209717 0.360761
0.907878 0.060857 0.031266
0.901951 0.000027 0.098022
0.336759 0.598979 0.064262
0.448046 0.214506 0.337448
0.334293 0.658101 0.007605
0.816677 0.053994 0.129329
0.863033 0.010055 0.126912
0.334884 0.244671 0.420445
0.465932 0.028127 0.505941
0.366083 0.495354 0.138563
0.336489 0.621670 0.041842
0.192970 0.799166 0.007864
0.021845 0.333388 0.644767
0.263862 0.675919 0.060218
0.324668 0.669131 0.006201
0.018259 0.749732 0.232009
0.273456 0.363949 0.362595
0.373580 0.626383 0.000036
0.034457 0.949248 0.016295
0.227097 0.338669 0.434234
0.142268 0.340352 0.517380
0.226596 0.385329 0.388075
0.357070 0.402467 0.240463
0.161738 0.777352 0.060910
0.048891 0.333887 0.617221
0.013324 0.984472 0.002204
0.163096 0.688962 0.147943
0.296399 0.333546 0.370055
0.224688 0.366212 0.409101
0.086803 0.857031 0.056166
0.387395 0.612149 0.000456
0.000941 0.891599 0.107460
0.060762 0.654992 0.284245
0.229465 0.766022 0.004514
0.000181 0.961056 0.038763
0.023956 0.615419 0.360625
0.445152 0.451271 0.103577
0.001554 0.694443 0.304003
0.008434 0.587837 0.403729
0.056612 0.844890 0.098499
0.036617 0.736502 0.226881
0.019246 0.462045 0.518710
0.020753 0.559113 0.420134
0.038956 0.229441 0.731604
0.026845 0.010692 0.962463
0.544890 0.090475 0.364635
0.005891 0.652767 0.341342
0.048140 0.337651 0.614210
0.623389 0.042831 0.333780
0.002933 0.012781 0.984285
0.412986 0.252933 0.334081
0.004333 0.649667 0.346000
0.287292 0.140602 0.572106
0.000467 0.619281 0.380252
0.012110 0.033841 0.954049
0.315622 0.053422 0.630956
0.248945 0.364735 0.386320
0.626774 0.000567 0.372659
0.047469 0.471888 0.480643
0.099039 0.001829 0.899131
0.107588 0.166056 0.726356
0.074454 0.573847 0.351699
0.212682 0.212560 0.574758
0.437841 0.005463 0.556696
0.451570 0.095524 0.452906
0.537714 0.080861 0.381425
0.554989 0.009157 0.435854
0.159208 0.183275 0.657517
0.092623 0.263869 0.643508
0.010070 0.505701 0.484230
0.254526 0.196455 0.549019
0.364573 0.091389 0.544038
0.334061 0.664182 0.001757
0.898016 0.020271 0.081713
0.767919 0.230630 0.001451
0.792610 0.198678 0.008711
0.864165 0.135084 0.000751
0.403729 0.022583 0.573688
0.803812 0.004094 0.192094
0.414720 0.457125 0.128155
0.895914 0.015218 0.088868
0.658773 0.281039 0.060189
0.363013 0.002212 0.634775
0.541449 0.006044 0.452507
0.514688 0.428299 0.057013
0.818391 0.024820 0.156789
0.445877 0.535152 0.018970
0.408531 0.046924 0.544546
0.437136 0.056810 0.506054
0.362183 0.008257 0.629560
0.482740 0.310903 0.206358
0.756289 0.110973 0.132738
0.448575 0.127931 0.423494
0.351380 0.049321 0.599299
0.353476 0.617932 0.028591
0.465100 0.527437 0.007463
0.383321 0.000910 0.615768
0.869460 0.056075 0.074465
0.714839 0.022150 0.263011
0.901458 0.064825 0.033717
0.730653 0.242617 0.026730
