0.000010 0.000010 0.000010 0.246844 0.000010 0.000010 0.000010 0.753066 0.000010 0.000010 0.000010
0.000010 0.000010 0.000010 0.253760 0.000010 0.000010 0.000010 0.746150 0.000010 0.000010 0.000010
0.000010 0.000010 0.000010 0.285965 0.000010 0.000010 0.000010 0.713945 0.000010 0.000010 0.000010
0.000010 0.000010 0.000010 0.209039 0.000010 0.000010 0.000010 0.790871 0.000010 0.000010 0.000010
0.000010 0.000010 0.000010 0.252438 0.000010 0.000010 0.000010 0.747472 0.000010 0.000010 0.000010
0.000010 0.000010 0.000010 0.298685 0.000010 0.000010 0.000010 0.701225 0.000010 0.000010 0.000010
0.000010 0.000010 0.000010 0.241679 0.000010 0.000010 0.000010 0.758226 0.000015 0.000010 0.000010
0.000010 0.000010 0.000010 0.231704 0.000010 0.000010 0.000010 0.768206 0.000010 0.000010 0.000010
0.000010 0.000010 0.000010 0.240462 0.000010 0.000010 0.000010 0.759448 0.000010 0.000010 0.000010
0.000010 0.000010 0.000010 0.276418 0.000010 0.000010 0.000010 0.723492 0.000010 0.000010 0.000010
0.000010 0.000010 0.000010 0.284659 0.000010 0.000010 0.000010 0.715251 0.000010 0.000010 0.000010
0.000010 0.000010 0.000010 0.229691 0.000010 0.000010 0.000010 0.770219 0.000010 0.000010 0.000010
0.000010 0.000010 0.000010 0.284222 0.000010 0.000010 0.000010 0.715688 0.000010 0.000010 0.000010
0.000010 0.000010 0.000010 0.283320 0.000010 0.000010 0.000010 0.716590 0.000010 0.000010 0.000010
0.000010 0.000010 0.000010 0.269995 0.000010 0.000010 0.000010 0.729915 0.000010 0.000010 0.000010
0.000010 0.000010 0.000010 0.232679 0.000010 0.000010 0.000010 0.767231 0.000010 0.000010 0.000010
0.000010 0.000010 0.000010 0.273773 0.000010 0.000010 0.000010 0.726137 0.000010 0.000010 0.000010
0.000010 0.000010 0.000010 0.257062 0.000010 0.000010 0.000010 0.742848 0.000010 0.000010 0.000010
0.000010 0.000010 0.000010 0.264359 0.000010 0.000010 0.000010 0.735551 0.000010 0.000010 0.000010
0.000010 0.000010 0.000010 0.283590 0.000010 0.000010 0.000010 0.716320 0.000010 0.000010 0.000010
0.000010 0.000010 0.000010 0.249540 0.000010 0.000010 0.000010 0.750370 0.000010 0.000010 0.000010
0.000010 0.000010 0.000010 0.266597 0.000010 0.000010 0.000010 0.733313 0.000010 0.000010 0.000010
0.000010 0.000010 0.000010 0.260054 0.000010 0.000010 0.000010 0.739856 0.000010 0.000010 0.000010
0.000010 0.000010 0.000010 0.304560 0.000010 0.000010 0.000010 0.695350 0.000010 0.000010 0.000010
0.000010 0.000010 0.000010 0.267010 0.000010 0.000010 0.000010 0.732900 0.000010 0.000010 0.000010
0.000010 0.000010 0.000010 0.259384 0.000010 0.000010 0.000010 0.740526 0.000010 0.000010 0.000010
0.000010 0.000010 0.000010 0.304568 0.000010 0.000010 0.000010 0.695342 0.000010 0.000010 0.000010
0.000010 0.000010 0.000010 0.215486 0.000010 0.000010 0.000010 0.784424 0.000010 0.000010 0.000010
0.000010 0.000010 0.000010 0.198110 0.000010 0.000010 0.000018 0.801792 0.000010 0.000010 0.000010
0.000010 0.000010 0.000010 0.223148 0.000010 0.000010 0.000010 0.776762 0.000010 0.000010 0.000010
0.000010 0.000010 0.000010 0.273104 0.000010 0.000010 0.000010 0.726806 0.000010 0.000010 0.000010
0.000010 0.000010 0.000010 0.193790 0.000010 0.000010 0.000010 0.806120 0.000010 0.000010 0.000010
0.000015 0.000010 0.000010 0.232237 0.000010 0.000010 0.000010 0.767668 0.000010 0.000010 0.000010
0.000010 0.000010 0.000010 0.193294 0.000010 0.000010 0.000010 0.806616 0.000010 0.000010 0.000010
0.000010 0.000010 0.000010 0.225414 0.000010 0.000010 0.000010 0.774496 0.000010 0.000010 0.000010
0.000010 0.000010 0.000010 0.281928 0.000010 0.000010 0.000010 0.717982 0.000010 0.000010 0.000010
0.000010 0.000010 0.000010 0.221470 0.000010 0.000010 0.000010 0.778440 0.000010 0.000010 0.000010
0.000010 0.000010 0.000010 0.244664 0.000010 0.000010 0.000010 0.755246 0.000010 0.000010 0.000010
0.000010 0.000010 0.000010 0.203583 0.000010 0.000010 0.000010 0.796327 0.000010 0.000010 0.000010
0.000010 0.000010 0.000010 0.239637 0.000010 0.000010 0.000010 0.760273 0.000010 0.000010 0.000010
0.000010 0.000010 0.000010 0.268453 0.000010 0.000010 0.000010 0.731457 0.000010 0.000010 0.000010
0.000010 0.000010 0.000010 0.227950 0.000010 0.000010 0.000010 0.771960 0.000010 0.000010 0.000010
0.000010 0.000010 0.000010 0.224755 0.000010 0.000010 0.000010 0.775155 0.000010 0.000010 0.000010
0.000010 0.000010 0.000010 0.232863 0.000010 0.000010 0.000013 0.767044 0.000010 0.000010 0.000010
0.000010 0.000010 0.000010 0.221329 0.000010 0.000010 0.000010 0.778581 0.000010 0.000010 0.000010
0.000010 0.000010 0.000010 0.249331 0.000010 0.000010 0.000010 0.750579 0.000010 0.000010 0.000010
0.000010 0.000010 0.000010 0.247997 0.000010 0.000010 0.000010 0.751913 0.000010 0.000010 0.000010
0.000010 0.000010 0.000010 0.247479 0.000010 0.000010 0.000010 0.752422 0.000019 0.000010 0.000010
0.000010 0.000010 0.000010 0.253623 0.000010 0.000010 0.000010 0.746287 0.000010 0.000010 0.000010
0.000010 0.000010 0.000010 0.229507 0.000010 0.000010 0.000010 0.770403 0.000010 0.000010 0.000010
0.000010 0.000010 0.000010 0.268498 0.000010 0.000010 0.000018 0.731404 0.000010 0.000010 0.000010
0.000010 0.000010 0.000010 0.260055 0.000010 0.000010 0.000010 0.739855 0.000010 0.000010 0.000010
0.000010 0.000010 0.000010 0.241243 0.000010 0.000010 0.000010 0.758667 0.000010 0.000010 0.000010
0.000010 0.000010 0.000010 0.228783 0.000010 0.000010 0.000010 0.771127 0.000010 0.000010 0.000010
0.000010 0.000010 0.000010 0.273155 0.000010 0.000010 0.000010 0.726755 0.000010 0.000010 0.000010
0.000010 0.000010 0.000010 0.999900 0.000010 0.000010 0.000010 0.000010 0.000010 0.000010 0.000010
0.000010 0.000010 0.000010 0.999900 0.000010 0.000010 0.000010 0.000010 0.000010 0.000010 0.000010
0.000010 0.000010 0.000010 0.789928 0.000010 0.000010 0.000010 0.209982 0.000010 0.000010 0.000010
0.000010 0.000010 0.000010 0.999900 0.000010 0.000010 0.000010 0.000010 0.000010 0.000010 0.000010
0.000010 0.000010 0.000010 0.999900 0.000010 0.000010 0.000010 0.000010 0.000010 0.000010 0.000010
0.000010 0.000010 0.000010 0.949440 0.000010 0.000010 0.000010 0.050470 0.000010 0.000010 0.000010
0.000010 0.000010 0.000010 0.999900 0.000010 0.000010 0.000010 0.000010 0.000010 0.000010 0.000010
0.000010 0.000010 0.000010 0.938309 0.000010 0.000010 0.000010 0.061601 0.000010 0.000010 0.000010
0.000010 0.000010 0.000010 0.688788 0.000010 0.000010 0.000010 0.297359 0.000010 0.013773 0.000010
0.000010 0.000010 0.000010 0.999900 0.000010 0.000010 0.000010 0.000010 0.000010 0.000010 0.000010
0.000010 0.000010 0.000010 0.999900 0.000010 0.000010 0.000010 0.000010 0.000010 0.000010 0.000010
0.000010 0.000010 0.000010 0.999900 0.000010 0.000010 0.000010 0.000010 0.000010 0.000010 0.000010
0.000010 0.000010 0.000010 0.999900 0.000010 0.000010 0.000010 0.000010 0.000010 0.000010 0.000010
0.000010 0.000010 0.000010 0.999900 0.000010 0.000010 0.000010 0.000010 0.000010 0.000010 0.000010
0.000010 0.000010 0.000010 0.888705 0.000010 0.000010 0.000010 0.111205 0.000010 0.000010 0.000010
0.000010 0.000010 0.000010 0.904203 0.000010 0.000010 0.000010 0.095707 0.000010 0.000010 0.000010
0.000010 0.000010 0.000010 0.819527 0.000010 0.000010 0.000010 0.180383 0.000010 0.000010 0.000010
0.000010 0.000010 0.000010 0.220473 0.000010 0.000010 0.000010 0.779437 0.000010 0.000010 0.000010
0.000010 0.000010 0.000010 0.215011 0.000010 0.000010 0.000010 0.784899 0.000010 0.000010 0.000010
0.000010 0.000010 0.000010 0.196244 0.000010 0.000010 0.000010 0.803666 0.000010 0.000010 0.000010
0.000010 0.000010 0.000010 0.229319 0.000010 0.000010 0.000010 0.770591 0.000010 0.000010 0.000010
0.000010 0.000010 0.000010 0.231860 0.000010 0.000010 0.000010 0.768050 0.000010 0.000010 0.000010
0.000010 0.000010 0.000010 0.223201 0.000010 0.000010 0.000010 0.776709 0.000010 0.000010 0.000010
0.000010 0.000010 0.000010 0.240346 0.000010 0.000010 0.000010 0.759564 0.000010 0.000010 0.000010
0.000010 0.000010 0.000010 0.210969 0.000010 0.000010 0.000010 0.788941 0.000010 0.000010 0.000010
0.000010 0.000010 0.000010 0.263311 0.000010 0.000010 0.000010 0.736599 0.000010 0.000010 0.000010
0.000010 0.000010 0.000010 0.234267 0.000010 0.000010 0.000010 0.765643 0.000010 0.000010 0.000010
0.000010 0.000010 0.000010 0.220335 0.000010 0.000010 0.000010 0.779575 0.000010 0.000010 0.000010
0.000010 0.000010 0.000010 0.197767 0.000010 0.000010 0.000010 0.802143 0.000010 0.000010 0.000010
0.000010 0.000010 0.000010 0.180129 0.000010 0.000010 0.000010 0.819781 0.000010 0.000010 0.000010
0.000010 0.000010 0.000010 0.226805 0.000010 0.000010 0.000010 0.773105 0.000010 0.000010 0.000010
0.000010 0.000010 0.000010 0.227526 0.000010 0.000010 0.000010 0.772384 0.000010 0.000010 0.000010
0.000010 0.000010 0.000010 0.236285 0.000010 0.000010 0.000010 0.763625 0.000010 0.000010 0.000010
0.000010 0.000010 0.000010 0.184338 0.000010 0.000010 0.000010 0.815572 0.000010 0.000010 0.000010
0.000010 0.000010 0.000010 0.241289 0.000010 0.000010 0.000010 0.758621 0.000010 0.000010 0.000010
0.000010 0.000010 0.000010 0.192473 0.000010 0.000010 0.000010 0.807437 0.000010 0.000010 0.000010
0.000010 0.000010 0.000010 0.199553 0.000010 0.000010 0.000010 0.800357 0.000010 0.000010 0.000010
0.000010 0.000010 0.000010 0.220033 0.000010 0.000010 0.000010 0.779877 0.000010 0.000010 0.000010
0.000010 0.000010 0.000010 0.224215 0.000010 0.000010 0.000010 0.775695 0.000010 0.000010 0.000010
0.000010 0.000010 0.000010 0.205976 0.000010 0.000010 0.000010 0.793934 0.000010 0.000010 0.000010
0.000010 0.000010 0.000010 0.229111 0.000010 0.000010 0.000010 0.770799 0.000010 0.000010 0.000010
0.000010 0.000010 0.000010 0.216578 0.000010 0.000010 0.000010 0.783332 0.000010 0.000010 0.000010
0.000010 0.000010 0.000010 0.274141 0.000010 0.000010 0.000010 0.725769 0.000010 0.000010 0.000010
0.000010 0.000010 0.000010 0.180558 0.000010 0.000010 0.000010 0.819352 0.000010 0.000010 0.000010
0.000010 0.000010 0.000010 0.237711 0.000010 0.000010 0.000010 0.762199 0.000010 0.000010 0.000010
0.000010 0.000010 0.000010 0.189464 0.000010 0.000010 0.000010 0.810446 0.000010 0.000010 0.000010
0.000010 0.000010 0.000010 0.203355 0.000010 0.000010 0.000010 0.796555 0.000010 0.000010 0.000010
0.000010 0.000010 0.000010 0.235747 0.000010 0.000010 0.000010 0.764163 0.000010 0.000010 0.000010
0.000010 0.000010 0.000010 0.988838 0.000010 0.000010 0.000010 0.011072 0.000010 0.000010 0.000010
0.000010 0.000010 0.000010 0.999900 0.000010 0.000010 0.000010 0.000010 0.000010 0.000010 0.000010
0.000010 0.000010 0.000010 0.890064 0.000010 0.000010 0.000010 0.109846 0.000010 0.000010 0.000010
0.000010 0.000010 0.000010 0.999900 0.000010 0.000010 0.000010 0.000010 0.000010 0.000010 0.000010
0.000010 0.000010 0.000010 0.999900 0.000010 0.000010 0.000010 0.000010 0.000010 0.000010 0.000010
0.000010 0.000010 0.000010 0.999900 0.000010 0.000010 0.000010 0.000010 0.000010 0.000010 0.000010
0.000010 0.000010 0.000010 0.875350 0.000010 0.000020 0.000010 0.124550 0.000010 0.000010 0.000010
0.000010 0.000010 0.000010 0.922123 0.000010 0.000010 0.000010 0.077787 0.000010 0.000010 0.000010
0.000010 0.000010 0.000010 0.853148 0.000010 0.000010 0.000010 0.146762 0.000010 0.000010 0.000010
0.000010 0.000010 0.000010 0.999900 0.000010 0.000010 0.000010 0.000010 0.000010 0.000010 0.000010
0.000010 0.000010 0.000010 0.761212 0.000010 0.000010 0.000010 0.238698 0.000010 0.000010 0.000010
0.000010 0.000010 0.000010 0.999900 0.000010 0.000010 0.000010 0.000010 0.000010 0.000010 0.000010
0.000010 0.000010 0.000010 0.983362 0.000010 0.000010 0.000010 0.016548 0.000010 0.000010 0.000010
0.000010 0.000010 0.000010 0.990443 0.000010 0.000010 0.000010 0.009467 0.000010 0.000010 0.000010
0.000010 0.000010 0.000010 0.999900 0.000010 0.000010 0.000010 0.000010 0.000010 0.000010 0.000010
0.000010 0.000010 0.000010 0.980437 0.000010 0.000010 0.000010 0.019473 0.000010 0.000010 0.000010
0.000010 0.000010 0.000010 0.999900 0.000010 0.000010 0.000010 0.000010 0.000010 0.000010 0.000010
0.000010 0.000010 0.000010 0.999900 0.000010 0.000010 0.000010 0.000010 0.000010 0.000010 0.000010
0.000010 0.000010 0.000010 0.999900 0.000010 0.000010 0.000010 0.000010 0.000010 0.000010 0.000010
0.000010 0.000010 0.000010 0.999900 0.000010 0.000010 0.000010 0.000010 0.000010 0.000010 0.000010
0.000010 0.000010 0.000010 0.828623 0.000010 0.000010 0.000010 0.171287 0.000010 0.000010 0.000010
0.000010 0.000010 0.000010 0.956256 0.000010 0.000010 0.000010 0.043654 0.000010 0.000010 0.000010
0.000010 0.000010 0.000010 0.969917 0.000010 0.000010 0.000010 0.029993 0.000010 0.000010 0.000010
0.000010 0.000010 0.000010 0.883799 0.000010 0.000010 0.000010 0.116111 0.000010 0.000010 0.000010
0.000010 0.000010 0.000010 0.754216 0.000010 0.000010 0.000010 0.245694 0.000010 0.000010 0.000010
0.000010 0.000010 0.000010 0.999900 0.000010 0.000010 0.000010 0.000010 0.000010 0.000010 0.000010
0.000010 0.000010 0.000010 0.955899 0.000010 0.000010 0.000010 0.044011 0.000010 0.000010 0.000010
0.000010 0.000010 0.000015 0.912507 0.000010 0.000010 0.000010 0.087394 0.000010 0.000013 0.000010
0.000010 0.000010 0.000010 0.999900 0.000010 0.000010 0.000010 0.000010 0.000010 0.000010 0.000010
0.000010 0.000010 0.000010 0.863703 0.000010 0.000012 0.000010 0.136205 0.000010 0.000010 0.000010
0.000010 0.000010 0.000010 0.993080 0.000010 0.000010 0.000010 0.006830 0.000010 0.000010 0.000010
0.000010 0.000010 0.000010 0.999900 0.000010 0.000010 0.000010 0.000010 0.000010 0.000010 0.000010
0.000010 0.000010 0.000010 0.999900 0.000010 0.000010 0.000010 0.000010 0.000010 0.000010 0.000010
0.000010 0.000010 0.000010 0.999900 0.000010 0.000010 0.000010 0.000010 0.000010 0.000010 0.000010
0.000010 0.000010 0.000010 0.999900 0.000010 0.000010 0.000010 0.000010 0.000010 0.000010 0.000010
0.000010 0.000010 0.000010 0.988119 0.000010 0.000010 0.000010 0.011791 0.000010 0.000010 0.000010
0.000010 0.000010 0.000010 0.983043 0.000010 0.000010 0.000010 0.016867 0.000010 0.000010 0.000010
0.000010 0.000010 0.000010 0.860002 0.000010 0.000010 0.000010 0.139908 0.000010 0.000010 0.000010
0.000010 0.000010 0.000010 0.894417 0.000010 0.000010 0.000010 0.105493 0.000010 0.000010 0.000010
0.000010 0.000010 0.000010 0.884044 0.000010 0.000010 0.000010 0.115866 0.000010 0.000010 0.000010
0.000010 0.000010 0.000010 0.866624 0.000010 0.000010 0.000010 0.133286 0.000010 0.000010 0.000010
0.000010 0.000010 0.000010 0.865851 0.000010 0.000010 0.000010 0.134059 0.000010 0.000010 0.000010
0.000010 0.000010 0.000010 0.953396 0.000010 0.000010 0.000014 0.046510 0.000010 0.000010 0.000010
0.000010 0.000010 0.000010 0.987948 0.000010 0.000010 0.000010 0.011962 0.000010 0.000010 0.000010
0.000010 0.000010 0.000010 0.834071 0.000010 0.000010 0.000010 0.165839 0.000010 0.000010 0.000010
0.000010 0.000010 0.000010 0.989298 0.000010 0.000010 0.000010 0.010612 0.000010 0.000010 0.000010
0.000010 0.000010 0.000010 0.903721 0.000010 0.000010 0.000010 0.096189 0.000010 0.000010 0.000010
0.000010 0.000010 0.000010 0.701054 0.000010 0.000010 0.000010 0.277672 0.000208 0.020996 0.000010
0.000010 0.000010 0.000010 0.999900 0.000010 0.000010 0.000010 0.000010 0.000010 0.000010 0.000010
0.000010 0.000010 0.000010 0.999900 0.000010 0.000010 0.000010 0.000010 0.000010 0.000010 0.000010
0.000010 0.000010 0.000010 0.641901 0.000010 0.000010 0.000010 0.358009 0.000010 0.000010 0.000010
0.000010 0.000010 0.000010 0.997225 0.000010 0.000010 0.000010 0.002685 0.000010 0.000010 0.000010
0.000010 0.000010 0.000010 0.901745 0.000010 0.000010 0.000010 0.098165 0.000010 0.000010 0.000010
0.000010 0.000010 0.000010 0.999900 0.000010 0.000010 0.000010 0.000010 0.000010 0.000010 0.000010
0.000010 0.000010 0.000010 0.655650 0.000010 0.000010 0.000010 0.344260 0.000010 0.000010 0.000010
0.000010 0.000010 0.000010 0.996089 0.000010 0.000010 0.000010 0.003821 0.000010 0.000010 0.000010
0.000010 0.000010 0.000010 0.980486 0.000010 0.000011 0.000010 0.019424 0.000010 0.000010 0.000010
0.000010 0.000011 0.000012 0.821779 0.000010 0.000010 0.000010 0.178129 0.000010 0.000010 0.000010
0.000010 0.000010 0.000010 0.922336 0.000010 0.000010 0.000010 0.077574 0.000010 0.000010 0.000010
0.000010 0.000010 0.000010 0.937746 0.000010 0.000010 0.000010 0.062164 0.000010 0.000010 0.000010
0.000010 0.000010 0.000010 0.999898 0.000010 0.000012 0.000010 0.000010 0.000010 0.000010 0.000010
0.000010 0.000010 0.000010 0.863975 0.000010 0.000010 0.000010 0.135935 0.000010 0.000010 0.000010
0.000010 0.000010 0.000010 0.999900 0.000010 0.000010 0.000010 0.000010 0.000010 0.000010 0.000010
0.000010 0.000010 0.000010 0.910315 0.000010 0.000010 0.000010 0.089595 0.000010 0.000010 0.000010
0.000010 0.000010 0.000010 0.966214 0.000010 0.000010 0.000010 0.033696 0.000010 0.000010 0.000010
0.000010 0.000010 0.000010 0.999900 0.000010 0.000010 0.000010 0.000010 0.000010 0.000010 0.000010
0.000010 0.000010 0.000010 0.924446 0.000010 0.000010 0.000010 0.075464 0.000010 0.000010 0.000010
0.000010 0.000010 0.000010 0.932484 0.000010 0.000010 0.000010 0.067426 0.000010 0.000010 0.000010
0.000010 0.000010 0.000010 0.999896 0.000010 0.000010 0.000014 0.000010 0.000010 0.000010 0.000010
0.000010 0.000010 0.000010 0.999900 0.000010 0.000010 0.000010 0.000010 0.000010 0.000010 0.000010
0.000010 0.000010 0.000010 0.938975 0.000010 0.000010 0.000010 0.060935 0.000010 0.000010 0.000010
0.000010 0.000010 0.000010 0.972301 0.000010 0.000010 0.000010 0.027609 0.000010 0.000010 0.000010
0.000010 0.000010 0.000010 0.999900 0.000010 0.000010 0.000010 0.000010 0.000010 0.000010 0.000010
0.000010 0.000010 0.000010 0.999900 0.000010 0.000010 0.000010 0.000010 0.000010 0.000010 0.000010
0.000010 0.000010 0.000010 0.844809 0.000010 0.000010 0.000010 0.155101 0.000010 0.000010 0.000010
0.000010 0.000010 0.000010 0.999900 0.000010 0.000010 0.000010 0.000010 0.000010 0.000010 0.000010
0.000010 0.000010 0.000010 0.923264 0.000010 0.000010 0.000010 0.076646 0.000010 0.000010 0.000010
0.000010 0.000010 0.000010 0.718698 0.000010 0.000010 0.000010 0.281212 0.000010 0.000010 0.000010
0.000010 0.000010 0.000010 0.999900 0.000010 0.000010 0.000010 0.000010 0.000010 0.000010 0.000010
0.000010 0.000010 0.000010 0.999900 0.000010 0.000010 0.000010 0.000010 0.000010 0.000010 0.000010
0.000010 0.000010 0.000010 0.999900 0.000010 0.000010 0.000010 0.000010 0.000010 0.000010 0.000010
0.000010 0.000010 0.000010 0.956850 0.000010 0.000018 0.000010 0.043053 0.000010 0.000010 0.000010
0.485059 0.381751 0.000010 0.000010 0.065451 0.067669 0.000010 0.000010 0.000010 0.000010 0.000010
0.540447 0.405408 0.000010 0.000010 0.000010 0.054064 0.000010 0.000010 0.000010 0.000010 0.000010
0.515425 0.409705 0.000010 0.000010 0.047647 0.027153 0.000010 0.000010 0.000010 0.000010 0.000010
0.482414 0.435589 0.000010 0.000010 0.000010 0.081916 0.000010 0.000010 0.000010 0.000010 0.000010
0.564423 0.397607 0.000010 0.000010 0.000010 0.037890 0.000010 0.000010 0.000010 0.000010 0.000010
0.522983 0.392877 0.000010 0.000010 0.032137 0.051933 0.000010 0.000010 0.000010 0.000010 0.000010
0.532183 0.404036 0.000010 0.000010 0.040175 0.023536 0.000010 0.000010 0.000010 0.000010 0.000010
0.581127 0.406771 0.000010 0.000010 0.000010 0.012021 0.000010 0.000010 0.000010 0.000010 0.000010
0.530940 0.433696 0.000010 0.000010 0.000010 0.035284 0.000010 0.000010 0.000010 0.000010 0.000010
0.568148 0.396402 0.000010 0.000010 0.035370 0.000010 0.000010 0.000010 0.000010 0.000010 0.000010
0.493954 0.408961 0.000010 0.000010 0.028483 0.068533 0.000010 0.000010 0.000010 0.000010 0.000010
0.536968 0.368066 0.000010 0.000010 0.034185 0.060711 0.000010 0.000010 0.000010 0.000010 0.000010
0.466753 0.461300 0.000010 0.000010 0.026484 0.045393 0.000010 0.000010 0.000010 0.000010 0.000010
0.573749 0.423131 0.000010 0.000010 0.000010 0.003040 0.000010 0.000010 0.000010 0.000010 0.000010
0.501161 0.385807 0.000010 0.000010 0.042904 0.070058 0.000010 0.000010 0.000010 0.000010 0.000010
0.562910 0.399635 0.000010 0.000010 0.000010 0.037376 0.000010 0.000010 0.000010 0.000010 0.000010
0.573598 0.426312 0.000010 0.000010 0.000010 0.000010 0.000010 0.000010 0.000010 0.000010 0.000010
0.527523 0.429296 0.000010 0.000010 0.009108 0.033994 0.000010 0.000019 0.000010 0.000010 0.000010
0.575064 0.399941 0.000010 0.000010 0.000102 0.024823 0.000010 0.000010 0.000010 0.000010 0.000010
0.530524 0.419723 0.000010 0.000010 0.009567 0.040116 0.000010 0.000010 0.000010 0.000010 0.000010
0.557859 0.426918 0.000010 0.000010 0.000010 0.015144 0.000010 0.000010 0.000010 0.000010 0.000010
0.564839 0.406282 0.000010 0.000010 0.000010 0.028799 0.000010 0.000010 0.000010 0.000010 0.000010
0.481741 0.389714 0.000010 0.000010 0.064039 0.064435 0.000010 0.000010 0.000010 0.000010 0.000010
0.550827 0.406528 0.000010 0.000010 0.000010 0.042565 0.000010 0.000010 0.000010 0.000010 0.000010
0.581687 0.414301 0.000010 0.000010 0.000010 0.003932 0.000010 0.000010 0.000010 0.000010 0.000010
0.563209 0.416620 0.000010 0.000010 0.000010 0.020091 0.000010 0.000010 0.000010 0.000010 0.000010
0.576514 0.381662 0.000010 0.000010 0.000010 0.041744 0.000010 0.000010 0.000010 0.000010 0.000010
0.567335 0.421609 0.000010 0.000010 0.000016 0.010970 0.000010 0.000010 0.000010 0.000010 0.000010
0.513456 0.403136 0.000010 0.000010 0.050818 0.032520 0.000010 0.000010 0.000010 0.000010 0.000010
0.540535 0.421459 0.000010 0.000010 0.000010 0.037925 0.000010 0.000010 0.000010 0.000010 0.000010
0.622680 0.361085 0.000010 0.000010 0.000010 0.016155 0.000010 0.000010 0.000010 0.000010 0.000010
0.506141 0.423515 0.000010 0.000010 0.037441 0.032830 0.000010 0.000011 0.000010 0.000010 0.000010
0.540759 0.407231 0.000010 0.000010 0.017341 0.034600 0.000010 0.000010 0.000010 0.000010 0.000010
0.578959 0.373841 0.000010 0.000010 0.000010 0.047120 0.000010 0.000010 0.000010 0.000010 0.000010
0.575631 0.405705 0.000010 0.000010 0.000010 0.018584 0.000010 0.000010 0.000010 0.000010 0.000010
0.522849 0.406274 0.000010 0.000010 0.054848 0.015959 0.000010 0.000010 0.000010 0.000010 0.000010
0.525299 0.368681 0.000010 0.000010 0.044012 0.061938 0.000010 0.000010 0.000010 0.000010 0.000010
0.534970 0.402932 0.000010 0.000010 0.019064 0.042963 0.000010 0.000010 0.000010 0.000010 0.000010
0.539714 0.427715 0.000010 0.000010 0.022069 0.010432 0.000010 0.000010 0.000010 0.000010 0.000010
0.532967 0.366810 0.000010 0.000010 0.050437 0.049716 0.000010 0.000010 0.000010 0.000010 0.000010
0.598808 0.392654 0.000010 0.000010 0.000010 0.008458 0.000010 0.000010 0.000010 0.000010 0.000010
0.492398 0.424704 0.000010 0.000010 0.035081 0.047746 0.000010 0.000010 0.000010 0.000010 0.000010
0.000010 0.000010 0.000010 0.000010 0.000010 0.000010 0.059517 0.761329 0.028244 0.000010 0.150840
0.000010 0.000010 0.048325 0.000010 0.000010 0.000010 0.094466 0.607593 0.043110 0.000010 0.206446
0.000010 0.000010 0.016313 0.000010 0.000010 0.000010 0.036474 0.792959 0.029410 0.000010 0.124784
0.550959 0.337902 0.000010 0.000010 0.077845 0.033224 0.000010 0.000010 0.000010 0.000010 0.000010
0.593627 0.372996 0.000010 0.000010 0.000010 0.033296 0.000010 0.000010 0.000010 0.000010 0.000010
0.469013 0.263655 0.000010 0.000010 0.105775 0.161486 0.000010 0.000010 0.000010 0.000010 0.000010
0.523357 0.330545 0.000010 0.000010 0.098392 0.047636 0.000010 0.000010 0.000010 0.000010 0.000010
0.539876 0.308937 0.000010 0.000010 0.096552 0.054566 0.000010 0.000010 0.000010 0.000010 0.000010
0.589554 0.321136 0.000010 0.000010 0.061058 0.028182 0.000010 0.000010 0.000010 0.000010 0.000010
0.617397 0.341262 0.000010 0.000010 0.018681 0.022590 0.000010 0.000010 0.000010 0.000010 0.000010
0.615424 0.351098 0.000010 0.000010 0.000010 0.033398 0.000010 0.000010 0.000010 0.000010 0.000010
0.341923 0.414061 0.000010 0.000010 0.184329 0.059616 0.000010 0.000010 0.000010 0.000010 0.000010
0.594634 0.359488 0.000010 0.000010 0.000010 0.045798 0.000010 0.000010 0.000010 0.000010 0.000010
0.555634 0.350228 0.000010 0.000010 0.049583 0.044485 0.000010 0.000010 0.000010 0.000010 0.000010
0.520366 0.440504 0.000010 0.000010 0.000010 0.027291 0.000010 0.000010 0.000010 0.011769 0.000010
0.800479 0.110345 0.000010 0.000010 0.000010 0.074261 0.000010 0.007153 0.000010 0.000010 0.007702
0.550478 0.316983 0.000010 0.000010 0.090617 0.041852 0.000010 0.000010 0.000010 0.000010 0.000010
0.543339 0.328182 0.000010 0.000010 0.076681 0.051729 0.000010 0.000010 0.000010 0.000010 0.000010
0.535601 0.259787 0.000010 0.000010 0.134743 0.069800 0.000010 0.000010 0.000010 0.000010 0.000010
0.562180 0.384403 0.000010 0.000010 0.043931 0.009416 0.000010 0.000010 0.000010 0.000010 0.000010
0.629671 0.306875 0.000010 0.000010 0.000010 0.063373 0.000010 0.000010 0.000010 0.000010 0.000010
0.566238 0.354496 0.000010 0.000010 0.035923 0.043273 0.000010 0.000010 0.000010 0.000010 0.000010
0.522282 0.322279 0.000010 0.000010 0.124130 0.031240 0.000010 0.000010 0.000010 0.000010 0.000010
0.523222 0.304157 0.000010 0.000010 0.090035 0.082515 0.000010 0.000010 0.000010 0.000010 0.000010
0.547745 0.303338 0.000010 0.000010 0.098258 0.050589 0.000010 0.000010 0.000010 0.000010 0.000010
0.536166 0.332376 0.000010 0.000010 0.072708 0.058680 0.000010 0.000010 0.000010 0.000010 0.000010
0.609325 0.342512 0.000010 0.000018 0.030517 0.017568 0.000010 0.000010 0.000010 0.000010 0.000010
0.588204 0.388770 0.000010 0.000010 0.000010 0.022946 0.000010 0.000010 0.000010 0.000010 0.000010
0.544283 0.352261 0.000010 0.000010 0.070200 0.033185 0.000010 0.000010 0.000010 0.000010 0.000010
0.542829 0.374169 0.000010 0.000010 0.063244 0.019688 0.000010 0.000010 0.000010 0.000010 0.000010
0.566950 0.361951 0.000010 0.000010 0.051423 0.019606 0.000010 0.000010 0.000010 0.000010 0.000010
0.444848 0.496691 0.000010 0.000010 0.030039 0.028343 0.000010 0.000010 0.000010 0.000019 0.000010
0.574708 0.307843 0.000010 0.000010 0.080040 0.037338 0.000010 0.000010 0.000010 0.000010 0.000010
0.500804 0.282394 0.000010 0.000010 0.170103 0.044636 0.000010 0.000010 0.000010 0.000010 0.002002
0.573954 0.346036 0.000010 0.000011 0.046638 0.033302 0.000010 0.000010 0.000010 0.000010 0.000010
0.613742 0.364787 0.000010 0.000010 0.002213 0.019188 0.000010 0.000010 0.000010 0.000010 0.000010
0.492749 0.305425 0.000010 0.000010 0.136400 0.065357 0.000010 0.000010 0.000010 0.000010 0.000010
0.600870 0.331463 0.000010 0.000019 0.043540 0.024048 0.000010 0.000010 0.000010 0.000010 0.000010
0.000010 0.000010 0.036239 0.000010 0.000010 0.000010 0.088076 0.699301 0.032792 0.000010 0.143532
0.000010 0.000010 0.052965 0.000010 0.000010 0.000010 0.075229 0.667813 0.042935 0.000010 0.160998
0.000010 0.000010 0.003842 0.000010 0.000010 0.000010 0.052484 0.810871 0.013322 0.000010 0.119421
0.000010 0.000010 0.008522 0.000010 0.000010 0.000010 0.051478 0.746141 0.025974 0.000010 0.167826
0.316663 0.453554 0.000010 0.000010 0.220808 0.008905 0.000010 0.000010 0.000010 0.000010 0.000010
0.375583 0.456153 0.000010 0.000010 0.153711 0.014483 0.000010 0.000010 0.000010 0.000010 0.000010
0.319120 0.428281 0.000010 0.000010 0.227671 0.024857 0.000010 0.000011 0.000010 0.000010 0.000010
0.368808 0.393036 0.000010 0.000010 0.221429 0.016656 0.000010 0.000010 0.000010 0.000010 0.000010
0.326564 0.487464 0.000010 0.000010 0.150346 0.035556 0.000010 0.000010 0.000010 0.000010 0.000010
0.345889 0.424496 0.000010 0.000011 0.170000 0.059544 0.000010 0.000010 0.000010 0.000010 0.000010
0.372484 0.407470 0.000010 0.000010 0.190364 0.029612 0.000010 0.000010 0.000010 0.000010 0.000010
0.338836 0.452971 0.000010 0.000010 0.182294 0.025829 0.000010 0.000010 0.000010 0.000010 0.000010
0.362266 0.446653 0.000010 0.000010 0.152281 0.038730 0.000010 0.000010 0.000010 0.000010 0.000010
0.320387 0.446503 0.000010 0.000010 0.188793 0.044247 0.000010 0.000010 0.000010 0.000010 0.000010
0.295675 0.381298 0.000010 0.000010 0.272179 0.050773 0.000014 0.000010 0.000010 0.000010 0.000010
0.371983 0.412828 0.000010 0.000010 0.190425 0.024694 0.000010 0.000010 0.000010 0.000010 0.000010
0.351776 0.437302 0.000010 0.000010 0.174945 0.035907 0.000010 0.000010 0.000010 0.000010 0.000010
0.335976 0.363073 0.000010 0.000010 0.252952 0.047930 0.000010 0.000010 0.000010 0.000010 0.000010
0.410253 0.447413 0.000010 0.000010 0.122777 0.019487 0.000010 0.000010 0.000010 0.000010 0.000010
0.271825 0.387986 0.000010 0.000010 0.313693 0.026426 0.000010 0.000010 0.000010 0.000010 0.000010
0.374185 0.485794 0.000010 0.000010 0.138266 0.001684 0.000010 0.000010 0.000010 0.000010 0.000010
0.349646 0.388470 0.000010 0.000010 0.231968 0.029846 0.000010 0.000010 0.000010 0.000010 0.000010
0.291905 0.394083 0.000010 0.000010 0.274628 0.039314 0.000010 0.000010 0.000010 0.000010 0.000010
0.377366 0.408242 0.000010 0.000014 0.172190 0.042127 0.000010 0.000010 0.000010 0.000010 0.000010
0.418652 0.402185 0.000010 0.000010 0.159142 0.019951 0.000010 0.000010 0.000010 0.000010 0.000010
0.351186 0.398756 0.000010 0.000010 0.223585 0.026402 0.000010 0.000010 0.000010 0.000010 0.000010
0.393085 0.461701 0.000010 0.000010 0.120685 0.024459 0.000010 0.000010 0.000010 0.000010 0.000010
0.291734 0.419897 0.000010 0.000010 0.235624 0.052675 0.000010 0.000010 0.000010 0.000010 0.000010
0.372389 0.443018 0.000010 0.000010 0.160906 0.023615 0.000010 0.000012 0.000010 0.000010 0.000010
0.366460 0.461204 0.000010 0.000010 0.150363 0.021904 0.000010 0.000010 0.000010 0.000010 0.000010
0.282766 0.422148 0.000010 0.000010 0.242732 0.052284 0.000010 0.000010 0.000010 0.000010 0.000010
0.285661 0.435373 0.000010 0.000010 0.226517 0.052379 0.000010 0.000010 0.000010 0.000010 0.000010
0.000010 0.000010 0.000010 0.000010 0.000010 0.000010 0.006050 0.884895 0.021735 0.000010 0.087250
0.000010 0.000010 0.000010 0.000010 0.000010 0.000010 0.026307 0.811097 0.026598 0.000010 0.135927
0.000010 0.000012 0.046252 0.000010 0.000010 0.000010 0.036070 0.685001 0.021285 0.000010 0.211329
0.000010 0.000010 0.000010 0.000010 0.000010 0.000010 0.037756 0.819759 0.021982 0.000010 0.120434
0.000010 0.000010 0.013683 0.000010 0.000010 0.000010 0.050165 0.808293 0.013172 0.000010 0.114627
0.000010 0.000010 0.016617 0.090746 0.000010 0.000010 0.015908 0.793760 0.014572 0.000010 0.068347
0.000010 0.000010 0.044740 0.000010 0.000010 0.000010 0.042988 0.722854 0.033860 0.000010 0.155499
0.000010 0.000010 0.008192 0.000010 0.000010 0.000010 0.037939 0.884129 0.012622 0.000010 0.057059
0.000010 0.000010 0.027852 0.000010 0.000010 0.000010 0.049590 0.667151 0.013682 0.000010 0.241665
0.000010 0.882456 0.000010 0.000010 0.117454 0.000010 0.000010 0.000010 0.000010 0.000010 0.000010
0.000010 0.998431 0.000010 0.000010 0.001479 0.000010 0.000010 0.000010 0.000010 0.000010 0.000010
0.000010 0.918775 0.000010 0.000010 0.081135 0.000010 0.000010 0.000010 0.000010 0.000010 0.000010
0.000010 0.999900 0.000010 0.000010 0.000010 0.000010 0.000010 0.000010 0.000010 0.000010 0.000010
0.000010 0.933372 0.000010 0.000010 0.045915 0.020633 0.000010 0.000010 0.000010 0.000010 0.000010
0.000010 0.953183 0.000010 0.000010 0.043892 0.002845 0.000010 0.000010 0.000010 0.000010 0.000010
0.000010 0.948017 0.000010 0.000010 0.051893 0.000010 0.000010 0.000010 0.000010 0.000010 0.000010
0.000010 0.999900 0.000010 0.000010 0.000010 0.000010 0.000010 0.000010 0.000010 0.000010 0.000010
0.071819 0.899020 0.000010 0.000010 0.000010 0.029081 0.000010 0.000010 0.000010 0.000010 0.000010
0.157365 0.842545 0.000010 0.000010 0.000010 0.000010 0.000010 0.000010 0.000010 0.000010 0.000010
0.000010 0.916680 0.000010 0.000010 0.083230 0.000010 0.000010 0.000010 0.000010 0.000010 0.000010
0.000010 0.973978 0.000010 0.000010 0.025932 0.000010 0.000010 0.000010 0.000010 0.000010 0.000010
0.000010 0.875321 0.000010 0.000010 0.124589 0.000010 0.000010 0.000010 0.000010 0.000010 0.000010
0.003179 0.974757 0.000010 0.000010 0.021985 0.000010 0.000010 0.000010 0.000010 0.000010 0.000010
0.000010 0.933632 0.000010 0.000010 0.066278 0.000010 0.000010 0.000010 0.000010 0.000010 0.000010
0.000010 0.000010 0.037465 0.000010 0.000010 0.000010 0.020627 0.815798 0.023445 0.000010 0.102605
0.000010 0.000010 0.035871 0.000010 0.000010 0.000010 0.059417 0.734462 0.015163 0.000010 0.155027
0.000010 0.000010 0.092509 0.000010 0.000010 0.000010 0.082725 0.629573 0.054910 0.000010 0.140223
0.000010 0.000010 0.055344 0.000010 0.000010 0.000010 0.115077 0.582907 0.048045 0.000010 0.198567
0.000010 0.000010 0.097394 0.000010 0.000010 0.000010 0.074222 0.592463 0.046639 0.000010 0.189223
0.000010 0.000010 0.000010 0.000010 0.000010 0.000010 0.041980 0.758433 0.026086 0.000010 0.173432
0.000010 0.000010 0.028989 0.000010 0.000015 0.000010 0.076487 0.755274 0.021835 0.000010 0.117351
0.000010 0.000010 0.038629 0.000010 0.000010 0.000010 0.074972 0.717777 0.010008 0.000010 0.158554
0.000010 0.000010 0.015160 0.000010 0.000010 0.000010 0.050102 0.792921 0.023583 0.000010 0.118173
0.000010 0.000010 0.000010 0.000010 0.000010 0.000010 0.058154 0.789158 0.009864 0.001689 0.141075
0.000010 0.000010 0.210536 0.000010 0.000010 0.000010 0.096888 0.516801 0.041042 0.000010 0.134673
0.000010 0.000010 0.062747 0.000010 0.000010 0.000010 0.068064 0.697323 0.047768 0.000010 0.124037
0.000010 0.000010 0.000010 0.000010 0.000010 0.000010 0.051303 0.793813 0.017498 0.000010 0.137316
0.000010 0.000010 0.000010 0.000010 0.000010 0.000010 0.054563 0.774279 0.030270 0.000010 0.140818
0.000010 0.000010 0.001168 0.000010 0.000010 0.000010 0.046774 0.746845 0.036825 0.000010 0.168327
0.000010 0.000010 0.007432 0.000010 0.000010 0.000010 0.030956 0.787391 0.012539 0.000010 0.161621
0.000013 0.000010 0.023269 0.000010 0.000010 0.000010 0.054044 0.773628 0.004615 0.000010 0.144382
0.000010 0.000010 0.000010 0.000010 0.000010 0.000010 0.043949 0.757294 0.042295 0.000010 0.156392
0.000010 0.000010 0.045718 0.000010 0.000010 0.000010 0.035622 0.849332 0.011841 0.000010 0.057427
0.000010 0.000010 0.040141 0.000010 0.000010 0.000010 0.106433 0.606891 0.054604 0.000010 0.191872
0.000010 0.000010 0.058474 0.000010 0.000010 0.000010 0.073240 0.688180 0.039165 0.000010 0.140882
0.000010 0.000010 0.030393 0.000010 0.000010 0.000010 0.025558 0.691436 0.033974 0.000010 0.218579
0.000010 0.000010 0.096144 0.000010 0.000010 0.000010 0.081457 0.638751 0.025169 0.000010 0.158418
0.000010 0.000010 0.026914 0.000010 0.000010 0.000010 0.055683 0.739514 0.007557 0.000010 0.170273
0.000010 0.000010 0.035840 0.000010 0.000010 0.000010 0.056471 0.750885 0.025927 0.000010 0.130817
0.000010 0.000010 0.057203 0.000010 0.000010 0.000010 0.034707 0.663592 0.045423 0.000010 0.199016
0.000010 0.000011 0.054449 0.000010 0.000010 0.000010 0.067454 0.692718 0.061835 0.000010 0.123483
0.000010 0.000010 0.065790 0.000010 0.000010 0.000010 0.028692 0.691083 0.055994 0.000010 0.158380
0.000010 0.000010 0.077785 0.000010 0.000010 0.000010 0.128017 0.612259 0.042835 0.000010 0.139045
0.000010 0.000010 0.022053 0.000010 0.000010 0.000010 0.080176 0.734654 0.029390 0.000010 0.133667
0.000011 0.000010 0.039024 0.000010 0.000010 0.000010 0.034061 0.751444 0.033622 0.000010 0.141788
0.000010 0.000010 0.016027 0.000010 0.000010 0.000010 0.055943 0.748876 0.019277 0.000010 0.159818
0.000010 0.000010 0.018105 0.000010 0.000010 0.000010 0.051369 0.747454 0.028814 0.000010 0.154198
0.000011 0.000010 0.036243 0.000010 0.000010 0.000010 0.068624 0.674827 0.042405 0.000010 0.177839
0.000010 0.000010 0.025681 0.000010 0.000010 0.000010 0.128813 0.687898 0.020777 0.000010 0.136771
0.000010 0.000010 0.015743 0.000010 0.000010 0.000010 0.058144 0.779026 0.012544 0.000010 0.134483
0.000016 0.000010 0.014881 0.000010 0.000010 0.000010 0.056956 0.837872 0.008328 0.000010 0.081897
0.000010 0.000010 0.123980 0.000010 0.000010 0.000010 0.057027 0.645096 0.044914 0.000010 0.128923
0.000010 0.000010 0.379378 0.003346 0.000010 0.000010 0.219262 0.297044 0.029038 0.000010 0.071881
0.000010 0.000010 0.024731 0.000010 0.000010 0.000010 0.061853 0.718831 0.039025 0.000010 0.155500
0.000010 0.000010 0.040617 0.000010 0.000010 0.000010 0.056672 0.731108 0.015104 0.000010 0.156440
0.000010 0.000010 0.001418 0.000010 0.000010 0.000010 0.006666 0.899746 0.008889 0.000010 0.083221
0.000010 0.000010 0.000010 0.000010 0.000010 0.000010 0.000010 0.687716 0.001813 0.000010 0.310391
0.000010 0.000010 0.007543 0.000010 0.000010 0.000010 0.011025 0.843365 0.005109 0.000010 0.132897
0.000010 0.000010 0.004005 0.000010 0.000010 0.000010 0.018480 0.641411 0.021746 0.000188 0.314120
0.000010 0.000010 0.026521 0.000010 0.000010 0.000010 0.024718 0.695194 0.015899 0.000010 0.237609
0.000010 0.000010 0.046510 0.000010 0.000010 0.000010 0.078662 0.552047 0.015194 0.000010 0.307527
0.000010 0.000010 0.023192 0.000010 0.000010 0.000010 0.050652 0.628596 0.028281 0.000010 0.269219
0.000010 0.000010 0.031915 0.000010 0.000010 0.000010 0.013989 0.674041 0.009543 0.000010 0.270452
0.000010 0.000010 0.036873 0.000010 0.000010 0.000010 0.012745 0.667918 0.004443 0.000010 0.277961
0.000010 0.000010 0.000010 0.000010 0.000010 0.000010 0.011774 0.814062 0.011224 0.000010 0.162869
0.000010 0.000010 0.012313 0.000010 0.000010 0.000010 0.071894 0.642276 0.036228 0.000010 0.237229
0.000010 0.000010 0.009963 0.000010 0.000010 0.000010 0.053500 0.623388 0.026923 0.000010 0.286166
0.000010 0.000010 0.000010 0.000010 0.000010 0.000010 0.015958 0.618547 0.002802 0.000010 0.362624
0.000010 0.000010 0.071240 0.000010 0.000010 0.000010 0.071370 0.509496 0.035450 0.000010 0.312386
0.000010 0.000010 0.000010 0.000010 0.000010 0.000010 0.037860 0.669097 0.001529 0.000010 0.291444
0.000010 0.000010 0.083053 0.000010 0.000010 0.000010 0.075013 0.436111 0.029282 0.000010 0.376481
0.000010 0.000010 0.017115 0.000010 0.000010 0.000010 0.023212 0.673224 0.008225 0.000010 0.278164
0.000010 0.000010 0.047880 0.000010 0.000010 0.000010 0.037580 0.438823 0.017822 0.000010 0.457835
0.000010 0.000010 0.033544 0.000010 0.000010 0.000010 0.089511 0.639051 0.062370 0.000010 0.175465
0.000010 0.000010 0.005118 0.000010 0.000010 0.000010 0.066556 0.731898 0.033734 0.000010 0.162634
0.000010 0.000010 0.024269 0.000010 0.000010 0.000010 0.050971 0.768910 0.027802 0.000010 0.127988
0.000010 0.000010 0.072881 0.000010 0.000010 0.000010 0.105963 0.616337 0.049570 0.000010 0.155189
0.000010 0.000010 0.004559 0.000010 0.000010 0.000010 0.021457 0.886952 0.001139 0.020561 0.065282
0.000010 0.000010 0.032578 0.000010 0.000010 0.000010 0.049628 0.712432 0.039901 0.000010 0.165401
0.000010 0.000010 0.088381 0.000010 0.000010 0.000010 0.040124 0.657717 0.063204 0.000010 0.150514
0.000010 0.000010 0.006745 0.000010 0.000010 0.000010 0.046723 0.865130 0.019518 0.000010 0.061823
0.000010 0.000010 0.027629 0.000010 0.000010 0.000010 0.021416 0.806666 0.013694 0.000010 0.130534
0.000010 0.000010 0.048992 0.000010 0.000010 0.000010 0.031325 0.735152 0.009168 0.000010 0.175303
0.000010 0.000010 0.011367 0.000010 0.000010 0.000010 0.056840 0.721818 0.010507 0.000010 0.199409
0.000010 0.000010 0.038651 0.000010 0.000010 0.000010 0.087916 0.694876 0.007950 0.000010 0.170547
0.000010 0.000010 0.025949 0.000010 0.000010 0.000010 0.074806 0.705281 0.018330 0.000010 0.175574
0.000010 0.000010 0.070218 0.000010 0.000010 0.000010 0.080521 0.561615 0.030136 0.000010 0.257450
0.000010 0.000010 0.036432 0.000010 0.000010 0.000010 0.114273 0.557995 0.065841 0.000010 0.225399
0.000010 0.000010 0.063412 0.000010 0.000010 0.000010 0.077531 0.605320 0.019083 0.000010 0.234595
0.000010 0.000010 0.003434 0.000010 0.000010 0.000010 0.066050 0.707176 0.023310 0.000010 0.199970
0.000010 0.000010 0.015057 0.000010 0.000010 0.000010 0.048795 0.783121 0.000010 0.000010 0.152957
0.000010 0.000010 0.061584 0.000010 0.000010 0.000010 0.102266 0.652298 0.025154 0.000010 0.158637
0.000010 0.000010 0.015709 0.000010 0.000010 0.000010 0.019819 0.855401 0.010046 0.000010 0.098965
0.000010 0.000010 0.035707 0.000010 0.000010 0.000010 0.061210 0.753934 0.011274 0.000010 0.137815
0.000010 0.000010 0.022055 0.000010 0.000010 0.000010 0.075839 0.752458 0.022914 0.000010 0.126673
0.000010 0.000010 0.401717 0.000010 0.000010 0.000010 0.129125 0.244724 0.150078 0.000010 0.074296
0.000010 0.000010 0.304182 0.000010 0.000010 0.000010 0.119164 0.426130 0.084989 0.002082 0.063403
