0.176943 0.001570 0.000010 0.000010 0.805100 0.010207 0.000010 0.001249 0.001119 0.002271 0.001511
0.801089 0.000010 0.000010 0.012738 0.104066 0.056792 0.000010 0.009244 0.000010 0.010549 0.005483
0.730067 0.000010 0.000010 0.000010 0.210802 0.000010 0.000010 0.027617 0.002217 0.021651 0.007596
0.072990 0.053688 0.000010 0.000010 0.873242 0.000010 0.000010 0.000010 0.000010 0.000010 0.000010
0.865944 0.000010 0.000010 0.002052 0.110512 0.016918 0.000010 0.000010 0.000010 0.000337 0.004187
0.029052 0.000010 0.000010 0.000010 0.954122 0.016746 0.000010 0.000010 0.000010 0.000010 0.000010
0.275991 0.000010 0.000010 0.000010 0.708353 0.015576 0.000010 0.000010 0.000010 0.000010 0.000010
0.346527 0.137997 0.000010 0.006315 0.496664 0.011654 0.000010 0.000792 0.000010 0.000010 0.000010
0.059247 0.000010 0.000010 0.000010 0.940663 0.000010 0.000010 0.000010 0.000010 0.000010 0.000010
0.597019 0.059268 0.000010 0.000010 0.343633 0.000010 0.000010 0.000010 0.000010 0.000010 0.000010
0.129258 0.098833 0.000010 0.000010 0.755382 0.016457 0.000010 0.000010 0.000010 0.000010 0.000010
0.264620 0.000010 0.000010 0.000010 0.732126 0.000971 0.000010 0.000010 0.000010 0.002213 0.000010
0.223614 0.000010 0.000010 0.000010 0.764681 0.011625 0.000010 0.000010 0.000010 0.000010 0.000010
0.147176 0.004295 0.000010 0.000010 0.840275 0.005615 0.000010 0.000010 0.000010 0.002579 0.000010
0.612536 0.000010 0.000010 0.003863 0.350283 0.030627 0.000010 0.000010 0.000010 0.002631 0.000010
0.055624 0.089467 0.000010 0.000010 0.845577 0.009262 0.000010 0.000010 0.000010 0.000010 0.000010
0.093054 0.011662 0.000010 0.000010 0.878774 0.012188 0.000010 0.000010 0.000010 0.004263 0.000010
0.105458 0.014575 0.000010 0.000010 0.879887 0.000010 0.000010 0.000010 0.000010 0.000010 0.000010
0.294017 0.000010 0.000010 0.000010 0.703381 0.002523 0.000010 0.000010 0.000010 0.000010 0.000010
0.045184 0.102495 0.000010 0.000010 0.852241 0.000010 0.000010 0.000010 0.000010 0.000010 0.000010
0.099470 0.007369 0.000010 0.000010 0.877569 0.015523 0.000010 0.000010 0.000010 0.000010 0.000010
0.322782 0.078025 0.000010 0.000509 0.590736 0.000010 0.000010 0.000010 0.002000 0.005898 0.000010
0.104992 0.001494 0.000010 0.000010 0.893434 0.000010 0.000010 0.000010 0.000010 0.000010 0.000010
0.429118 0.011568 0.000010 0.000010 0.546728 0.007819 0.000010 0.000010 0.000010 0.003420 0.001297
0.060153 0.111958 0.000010 0.000010 0.819156 0.008663 0.000010 0.000010 0.000010 0.000010 0.000010
0.122791 0.028031 0.000010 0.000010 0.819368 0.029734 0.000016 0.000010 0.000010 0.000010 0.000010
0.001485 0.097967 0.000010 0.000010 0.900469 0.000010 0.000010 0.000010 0.000010 0.000010 0.000010
0.079220 0.045746 0.000010 0.000010 0.852509 0.022428 0.000010 0.000010 0.000010 0.000010 0.000037
0.057422 0.037835 0.000010 0.000010 0.903823 0.000010 0.000010 0.000010 0.000010 0.000010 0.000850
0.059097 0.087545 0.000010 0.000010 0.847638 0.005651 0.000010 0.000010 0.000010 0.000010 0.000010
0.102066 0.000010 0.000010 0.000010 0.893915 0.003939 0.000010 0.000010 0.000010 0.000010 0.000010
0.310231 0.012313 0.000010 0.000805 0.644089 0.001153 0.002270 0.000010 0.000010 0.029099 0.000010
0.054871 0.000010 0.000010 0.000010 0.943146 0.000010 0.000010 0.000010 0.000010 0.000010 0.001904
0.123887 0.000010 0.000010 0.000010 0.876023 0.000010 0.000010 0.000010 0.000010 0.000010 0.000010
0.345902 0.081271 0.000010 0.000901 0.566952 0.000010 0.000016 0.002970 0.000010 0.001099 0.000859
0.130143 0.031549 0.000010 0.000010 0.838225 0.000010 0.000013 0.000010 0.000010 0.000010 0.000010
0.175089 0.037683 0.000010 0.000010 0.778009 0.009149 0.000010 0.000010 0.000010 0.000010 0.000010
0.352031 0.000010 0.000018 0.000010 0.628761 0.019120 0.000010 0.000010 0.000010 0.000010 0.000010
0.560767 0.069986 0.000010 0.000010 0.360334 0.000010 0.000010 0.000010 0.000010 0.008843 0.000010
0.057421 0.002529 0.000010 0.000010 0.933517 0.006463 0.000010 0.000010 0.000010 0.000010 0.000010
0.430954 0.009427 0.000015 0.000012 0.550577 0.008964 0.000010 0.000012 0.000010 0.000010 0.000010
0.306988 0.001633 0.000010 0.000010 0.691300 0.000010 0.000010 0.000010 0.000010 0.000010 0.000010
0.313144 0.014537 0.000010 0.000010 0.672239 0.000010 0.000010 0.000010 0.000010 0.000010 0.000010
0.390790 0.016026 0.000012 0.000010 0.593100 0.000010 0.000012 0.000010 0.000010 0.000010 0.000010
0.076690 0.005407 0.000010 0.000010 0.912742 0.000010 0.000010 0.000010 0.000010 0.000542 0.004558
0.022755 0.000016 0.000010 0.000010 0.958098 0.019061 0.000010 0.000010 0.000010 0.000010 0.000010
0.870419 0.040092 0.000010 0.000010 0.047124 0.027999 0.000010 0.010782 0.000010 0.003533 0.000010
0.143650 0.035444 0.000010 0.000010 0.816138 0.000010 0.000010 0.000010 0.000010 0.004697 0.000010
0.306348 0.014922 0.000010 0.000010 0.678650 0.000010 0.000010 0.000010 0.000010 0.000010 0.000010
0.852525 0.000010 0.000010 0.010386 0.115282 0.013023 0.000010 0.002256 0.000010 0.000010 0.006479
0.036098 0.000010 0.000010 0.000010 0.952736 0.011086 0.000010 0.000010 0.000010 0.000010 0.000010
0.583695 0.000010 0.000010 0.000010 0.370976 0.012965 0.000821 0.014017 0.000696 0.012959 0.003840
0.372944 0.000010 0.000010 0.000010 0.626966 0.000010 0.000010 0.000010 0.000010 0.000010 0.000010
0.248647 0.019776 0.000010 0.000010 0.731497 0.000010 0.000010 0.000010 0.000010 0.000010 0.000010
0.285525 0.054057 0.000010 0.000010 0.660338 0.000010 0.000010 0.000010 0.000010 0.000010 0.000010
0.720709 0.064796 0.000010 0.000010 0.187496 0.026929 0.000010 0.000010 0.000010 0.000010 0.000010
0.307320 0.113150 0.000010 0.000010 0.579450 0.000010 0.000010 0.000010 0.000010 0.000010 0.000010
0.081663 0.000010 0.000010 0.000010 0.894669 0.022655 0.000010 0.000010 0.000010 0.000943 0.000010
0.136861 0.115452 0.000010 0.000010 0.740464 0.007153 0.000010 0.000010 0.000010 0.000010 0.000010
0.130899 0.035233 0.000010 0.000010 0.833098 0.000699 0.000010 0.000010 0.000010 0.000010 0.000010
0.298489 0.000010 0.000010 0.000010 0.695347 0.000065 0.000010 0.000010 0.000010 0.006013 0.000026
0.304269 0.000010 0.000010 0.000010 0.691865 0.003786 0.000010 0.000010 0.000010 0.000010 0.000010
0.129081 0.038849 0.000010 0.000010 0.831990 0.000010 0.000010 0.000010 0.000010 0.000010 0.000010
0.048067 0.042140 0.000010 0.000010 0.881843 0.027880 0.000010 0.000010 0.000010 0.000010 0.000010
0.676311 0.018121 0.000010 0.001479 0.285318 0.000010 0.000010 0.012125 0.000010 0.006597 0.000010
0.142699 0.130174 0.000010 0.000010 0.727047 0.000010 0.000010 0.000010 0.000010 0.000010 0.000010
0.063187 0.002013 0.000010 0.000010 0.913286 0.021445 0.000010 0.000010 0.000010 0.000010 0.000010
0.132083 0.066037 0.000010 0.000010 0.785562 0.016248 0.000010 0.000010 0.000010 0.000010 0.000010
0.350952 0.000010 0.000010 0.000010 0.622493 0.025339 0.000010 0.000010 0.001146 0.000010 0.000010
0.433839 0.008310 0.000010 0.000014 0.548481 0.009297 0.000010 0.000010 0.000010 0.000010 0.000010
0.078837 0.000010 0.000010 0.000010 0.871725 0.049359 0.000010 0.000010 0.000010 0.000010 0.000010
0.089289 0.104059 0.000010 0.000010 0.791650 0.014926 0.000010 0.000010 0.000016 0.000010 0.000010
0.611265 0.157080 0.000010 0.006869 0.220853 0.000010 0.000010 0.000010 0.000010 0.003762 0.000121
0.435180 0.000010 0.000010 0.000010 0.564730 0.000010 0.000010 0.000010 0.000010 0.000010 0.000010
0.455310 0.042498 0.000010 0.000010 0.481845 0.019117 0.000329 0.000010 0.000010 0.000010 0.000852
0.109148 0.099216 0.000010 0.000010 0.768138 0.021987 0.000010 0.000010 0.000010 0.000010 0.001451
0.074865 0.149843 0.000010 0.000010 0.775212 0.000010 0.000010 0.000010 0.000010 0.000010 0.000010
0.368221 0.000010 0.000010 0.000010 0.625036 0.000010 0.000010 0.000010 0.000010 0.000010 0.006664
0.059029 0.110820 0.000010 0.000010 0.830072 0.000010 0.000010 0.000010 0.000010 0.000010 0.000010
0.191313 0.024734 0.000010 0.000152 0.755130 0.023628 0.000010 0.002792 0.002212 0.000010 0.000010
0.504206 0.132129 0.000010 0.000010 0.344168 0.011288 0.000010 0.006975 0.000010 0.000010 0.001184
0.066897 0.017159 0.000010 0.000010 0.898731 0.017142 0.000010 0.000010 0.000010 0.000010 0.000010
0.583399 0.000010 0.000010 0.000018 0.401904 0.011510 0.000010 0.000010 0.000010 0.000010 0.003110
0.186878 0.000010 0.000010 0.000010 0.811535 0.000010 0.000010 0.000010 0.000010 0.000010 0.001507
0.392785 0.000010 0.000010 0.004178 0.602957 0.000010 0.000010 0.000010 0.000010 0.000010 0.000010
0.814487 0.005419 0.000010 0.000010 0.111495 0.040007 0.000010 0.019972 0.000010 0.000010 0.008569
0.358917 0.000010 0.000010 0.000010 0.640993 0.000010 0.000010 0.000010 0.000010 0.000010 0.000010
0.053548 0.128362 0.000010 0.000010 0.818010 0.000010 0.000010 0.000010 0.000010 0.000010 0.000010
0.793520 0.000010 0.000010 0.000010 0.175523 0.000010 0.000010 0.015183 0.000010 0.009431 0.006283
0.060692 0.106938 0.000010 0.000010 0.820909 0.011387 0.000010 0.000013 0.000010 0.000010 0.000010
0.378495 0.009925 0.000010 0.000013 0.607819 0.000376 0.000010 0.000010 0.000010 0.001897 0.001436
0.587535 0.000010 0.000010 0.004932 0.396890 0.003952 0.000010 0.000010 0.000010 0.006631 0.000010
0.652941 0.126030 0.000011 0.000010 0.220942 0.000010 0.000010 0.000013 0.000010 0.000013 0.000010
0.316024 0.003714 0.000010 0.000010 0.680181 0.000010 0.000010 0.000010 0.000010 0.000010 0.000010
0.089346 0.108097 0.000010 0.000010 0.782042 0.020444 0.000010 0.000010 0.000010 0.000010 0.000010
0.506086 0.000010 0.000010 0.001406 0.489672 0.000010 0.000010 0.002766 0.000010 0.000010 0.000010
0.221210 0.088521 0.000010 0.000010 0.690189 0.000010 0.000010 0.000010 0.000010 0.000010 0.000010
0.654842 0.000010 0.000010 0.010382 0.328304 0.000010 0.000010 0.000010 0.000010 0.002238 0.004175
0.133995 0.108799 0.000010 0.000010 0.740816 0.014622 0.000010 0.000010 0.001708 0.000010 0.000010
0.188540 0.015684 0.000011 0.000010 0.788197 0.007507 0.000010 0.000010 0.000010 0.000010 0.000010
0.351933 0.007020 0.000010 0.000010 0.640967 0.000010 0.000010 0.000010 0.000010 0.000010 0.000010
0.479531 0.000010 0.000010 0.000010 0.520379 0.000010 0.000010 0.000010 0.000010 0.000010 0.000010
0.027606 0.000010 0.000010 0.000010 0.937207 0.035107 0.000010 0.000010 0.000010 0.000010 0.000010
0.065704 0.000010 0.000010 0.000010 0.928340 0.000010 0.000010 0.000010 0.000010 0.002510 0.003376
0.172724 0.103912 0.000015 0.000010 0.719803 0.003486 0.000010 0.000010 0.000010 0.000010 0.000010
0.071338 0.000010 0.000010 0.000010 0.915626 0.012956 0.000010 0.000010 0.000010 0.000010 0.000010
0.394336 0.029567 0.000010 0.000010 0.576017 0.000010 0.000010 0.000010 0.000010 0.000010 0.000010
0.276861 0.000010 0.000010 0.004617 0.697900 0.006492 0.000010 0.001862 0.000010 0.012218 0.000010
0.828646 0.005004 0.000010 0.007888 0.096968 0.038665 0.000010 0.015102 0.000010 0.004661 0.003036
0.038553 0.124449 0.000010 0.000010 0.836918 0.000010 0.000010 0.000010 0.000010 0.000010 0.000010
0.138347 0.018415 0.000010 0.000010 0.843157 0.000010 0.000010 0.000010 0.000010 0.000010 0.000010
0.088750 0.114644 0.000010 0.000010 0.784399 0.012133 0.000010 0.000012 0.000013 0.000010 0.000010
0.500226 0.026637 0.000010 0.000010 0.473057 0.000010 0.000010 0.000010 0.000010 0.000010 0.000010
0.138941 0.165799 0.000010 0.000010 0.684537 0.010643 0.000010 0.000019 0.000010 0.000010 0.000010
0.046133 0.074559 0.000010 0.000010 0.869543 0.009695 0.000010 0.000010 0.000010 0.000010 0.000010
0.083847 0.074035 0.000010 0.000010 0.841976 0.000072 0.000010 0.000010 0.000010 0.000010 0.000010
0.024980 0.145806 0.000010 0.000010 0.829132 0.000010 0.000010 0.000010 0.000013 0.000010 0.000010
0.339685 0.000010 0.000010 0.000010 0.639515 0.020720 0.000010 0.000010 0.000010 0.000010 0.000010
0.657396 0.000010 0.000010 0.000010 0.303924 0.012658 0.000010 0.009358 0.000010 0.012484 0.004131
0.037396 0.018885 0.000010 0.000010 0.912194 0.031456 0.000010 0.000010 0.000010 0.000010 0.000010
0.079941 0.101045 0.000010 0.000010 0.814530 0.004410 0.000010 0.000010 0.000010 0.000014 0.000010
0.406776 0.074323 0.000010 0.000010 0.489622 0.029209 0.000010 0.000010 0.000010 0.000010 0.000010
0.820989 0.013159 0.000010 0.006907 0.106369 0.032443 0.000010 0.008454 0.000010 0.001581 0.010068
0.195186 0.044186 0.004981 0.000010 0.755544 0.000010 0.000044 0.000010 0.000010 0.000010 0.000010
0.439995 0.000010 0.000013 0.000019 0.532176 0.025480 0.000010 0.000010 0.000010 0.000010 0.002267
0.108730 0.055974 0.000010 0.000010 0.835217 0.000010 0.000010 0.000010 0.000010 0.000010 0.000010
0.000010 0.034309 0.000010 0.000010 0.965601 0.000010 0.000010 0.000010 0.000010 0.000010 0.000010
0.134884 0.047838 0.000010 0.000010 0.811085 0.005151 0.000010 0.000010 0.000010 0.000981 0.000010
0.229338 0.121397 0.000010 0.000010 0.649185 0.000010 0.000010 0.000010 0.000010 0.000010 0.000010
0.000010 0.045005 0.000010 0.000010 0.925458 0.023734 0.000010 0.000010 0.000010 0.005733 0.000010
0.391936 0.007063 0.000010 0.000013 0.597931 0.002997 0.000010 0.000010 0.000010 0.000010 0.000010
0.858164 0.000010 0.000010 0.002015 0.103281 0.020400 0.000010 0.012869 0.000010 0.000793 0.002439
0.017026 0.024224 0.000010 0.000010 0.915593 0.043087 0.000010 0.000010 0.000010 0.000010 0.000010
0.167498 0.004605 0.000010 0.000010 0.819334 0.008494 0.000010 0.000010 0.000010 0.000010 0.000010
0.079040 0.285232 0.000010 0.000010 0.635648 0.000010 0.000010 0.000010 0.000010 0.000010 0.000010
0.000010 0.113704 0.000010 0.000010 0.885252 0.000010 0.000959 0.000016 0.000010 0.000010 0.000010
0.079497 0.111410 0.000010 0.000010 0.773233 0.034595 0.000010 0.000010 0.000010 0.000010 0.001205
0.692614 0.126904 0.000010 0.000010 0.178685 0.000010 0.000010 0.000010 0.000010 0.000072 0.001666
0.042183 0.000010 0.000010 0.000010 0.955435 0.002302 0.000010 0.000010 0.000010 0.000010 0.000010
0.573474 0.000010 0.000010 0.005830 0.415966 0.004661 0.000010 0.000010 0.000010 0.000010 0.000010
0.545372 0.035105 0.000010 0.000010 0.408556 0.010898 0.000010 0.000010 0.000010 0.000010 0.000010
0.107071 0.118011 0.000010 0.000010 0.774839 0.000010 0.000010 0.000010 0.000010 0.000010 0.000010
0.094383 0.076255 0.000010 0.000010 0.821624 0.007124 0.000010 0.000010 0.000010 0.000010 0.000554
0.309990 0.000010 0.000010 0.000010 0.687509 0.000010 0.000010 0.000010 0.000010 0.000010 0.002421
0.140091 0.086875 0.000010 0.000010 0.739529 0.033430 0.000010 0.000010 0.000016 0.000010 0.000010
0.072299 0.000010 0.000010 0.000010 0.922503 0.005117 0.000010 0.000010 0.000010 0.000010 0.000010
0.627894 0.024000 0.000010 0.000010 0.338262 0.007347 0.000010 0.000010 0.000010 0.001392 0.001056
0.261593 0.013740 0.000010 0.000010 0.719123 0.000010 0.000010 0.000010 0.000011 0.005473 0.000010
0.224147 0.036044 0.000010 0.000010 0.739156 0.000583 0.000010 0.000010 0.000010 0.000010 0.000010
0.010697 0.000010 0.000010 0.000010 0.969703 0.019520 0.000010 0.000010 0.000010 0.000010 0.000010
0.064814 0.066960 0.000010 0.000010 0.860144 0.008012 0.000010 0.000010 0.000010 0.000010 0.000010
0.125296 0.056146 0.000010 0.000010 0.818478 0.000010 0.000010 0.000010 0.000010 0.000010 0.000010
0.177464 0.054778 0.000010 0.000010 0.767631 0.000057 0.000010 0.000010 0.000010 0.000010 0.000010
0.375199 0.028672 0.000010 0.000010 0.596050 0.000010 0.000010 0.000010 0.000010 0.000010 0.000010
0.056782 0.101694 0.000010 0.000010 0.810084 0.031369 0.000010 0.000010 0.000010 0.000010 0.000010
0.147549 0.107319 0.000010 0.000010 0.738958 0.000010 0.000010 0.000010 0.000010 0.006103 0.000010
0.636855 0.028407 0.000010 0.000010 0.333302 0.000010 0.000010 0.000010 0.000010 0.000010 0.001367
0.250761 0.040901 0.000010 0.000010 0.708257 0.000010 0.000010 0.000010 0.000010 0.000010 0.000010
0.226736 0.000010 0.000010 0.000010 0.744787 0.028397 0.000010 0.000010 0.000010 0.000010 0.000010
0.093705 0.000010 0.000010 0.000010 0.904521 0.001694 0.000010 0.000010 0.000010 0.000010 0.000010
0.000010 0.006620 0.000010 0.000010 0.993290 0.000010 0.000010 0.000010 0.000010 0.000010 0.000010
0.078615 0.023660 0.000010 0.000010 0.883442 0.014213 0.000010 0.000010 0.000010 0.000010 0.000010
0.173189 0.000010 0.000010 0.000010 0.817184 0.006963 0.000010 0.000010 0.000010 0.002593 0.000010
0.417236 0.000010 0.000010 0.000010 0.582674 0.000010 0.000010 0.000010 0.000010 0.000010 0.000010
0.531949 0.002565 0.000010 0.004258 0.454091 0.003018 0.000010 0.001331 0.000010 0.002748 0.000010
0.127062 0.154769 0.000010 0.000010 0.718089 0.000010 0.000010 0.000010 0.000010 0.000010 0.000010
0.826180 0.015178 0.000010 0.000819 0.069531 0.073597 0.000010 0.007549 0.000010 0.003612 0.003503
0.166421 0.010777 0.000010 0.000010 0.822722 0.000010 0.000010 0.000010 0.000010 0.000010 0.000010
0.100907 0.036212 0.000010 0.000010 0.837950 0.023328 0.000010 0.000010 0.000010 0.000010 0.001543
0.463411 0.000010 0.000010 0.000014 0.525980 0.010131 0.000010 0.000010 0.000010 0.000010 0.000404
0.149193 0.191266 0.000010 0.000010 0.659461 0.000010 0.000010 0.000010 0.000010 0.000010 0.000010
0.152756 0.049720 0.000010 0.000010 0.797444 0.000010 0.000010 0.000010 0.000010 0.000010 0.000010
0.000010 0.018065 0.000010 0.000010 0.981845 0.000010 0.000010 0.000010 0.000010 0.000010 0.000010
0.170053 0.081243 0.000142 0.001402 0.743008 0.000010 0.000010 0.000010 0.000010 0.004101 0.000010
0.076293 0.000010 0.000010 0.000010 0.922371 0.001256 0.000010 0.000010 0.000010 0.000010 0.000010
0.260508 0.040148 0.000010 0.000010 0.699162 0.000010 0.000010 0.000010 0.000010 0.000010 0.000112
0.808679 0.000010 0.000010 0.000010 0.136008 0.034467 0.000010 0.008612 0.000010 0.004784 0.007401
0.410885 0.000010 0.000010 0.000010 0.585578 0.000010 0.000010 0.000010 0.000010 0.001797 0.001671
0.071503 0.000010 0.000010 0.000010 0.921173 0.005019 0.000010 0.000010 0.000010 0.000010 0.002235
0.354431 0.000010 0.000010 0.000010 0.645479 0.000010 0.000010 0.000010 0.000010 0.000010 0.000010
0.082225 0.161883 0.000010 0.000010 0.755807 0.000010 0.000016 0.000010 0.000010 0.000010 0.000010
0.129828 0.067768 0.000010 0.000010 0.799082 0.003252 0.000010 0.000010 0.000010 0.000010 0.000010
0.059761 0.144312 0.000010 0.000010 0.795847 0.000010 0.000010 0.000010 0.000010 0.000010 0.000010
0.109519 0.096874 0.000010 0.000010 0.782154 0.011383 0.000010 0.000010 0.000010 0.000010 0.000010
0.451043 0.000010 0.000010 0.000010 0.548867 0.000010 0.000010 0.000010 0.000010 0.000010 0.000010
0.019247 0.059920 0.000010 0.000010 0.920753 0.000010 0.000010 0.000010 0.000010 0.000010 0.000010
0.020898 0.017391 0.000010 0.002638 0.929331 0.029128 0.000010 0.000010 0.000010 0.000010 0.000565
0.054035 0.093307 0.000010 0.000010 0.852578 0.000010 0.000010 0.000010 0.000010 0.000010 0.000010
0.103606 0.106394 0.000010 0.000010 0.789920 0.000010 0.000010 0.000010 0.000010 0.000010 0.000010
0.383612 0.008163 0.000010 0.000010 0.594269 0.013887 0.000010 0.000010 0.000010 0.000010 0.000010
0.132549 0.100766 0.000010 0.000010 0.763987 0.000010 0.000010 0.000010 0.000010 0.002628 0.000010
0.780230 0.000010 0.000010 0.010753 0.153918 0.034721 0.000010 0.012327 0.000010 0.008000 0.000010
0.117179 0.006422 0.000010 0.000010 0.860497 0.015833 0.000010 0.000010 0.000010 0.000010 0.000010
0.093276 0.053347 0.000010 0.000010 0.840886 0.012420 0.000010 0.000010 0.000010 0.000010 0.000010
0.418124 0.019590 0.000010 0.000010 0.562206 0.000010 0.000010 0.000010 0.000010 0.000010 0.000010
0.372082 0.000010 0.000010 0.002348 0.613200 0.008402 0.000010 0.000010 0.000010 0.000010 0.003907
0.444749 0.019094 0.000010 0.000010 0.520532 0.015555 0.000010 0.000010 0.000010 0.000010 0.000010
0.059982 0.064176 0.000010 0.000010 0.875762 0.000010 0.000010 0.000010 0.000010 0.000010 0.000010
0.190663 0.000956 0.000010 0.000010 0.808301 0.000010 0.000010 0.000010 0.000010 0.000010 0.000010
0.148833 0.000010 0.000010 0.000010 0.845640 0.002459 0.000010 0.000010 0.000010 0.002998 0.000010
0.597532 0.000010 0.000010 0.000010 0.377170 0.021614 0.000010 0.000010 0.000010 0.003614 0.000010
0.403274 0.004811 0.000013 0.003542 0.538156 0.041146 0.000010 0.003629 0.000348 0.001642 0.003429
0.363915 0.000010 0.000010 0.000010 0.614117 0.021888 0.000010 0.000010 0.000010 0.000010 0.000010
0.130792 0.014003 0.000010 0.000010 0.855125 0.000010 0.000010 0.000010 0.000010 0.000010 0.000010
0.663729 0.000010 0.000010 0.000010 0.318637 0.000010 0.000010 0.010655 0.000010 0.000648 0.006271
0.428266 0.000010 0.000010 0.000010 0.571636 0.000018 0.000010 0.000010 0.000010 0.000010 0.000010
0.521236 0.086419 0.000758 0.000010 0.384816 0.000010 0.000010 0.001162 0.000010 0.003778 0.001790
0.367801 0.000010 0.000010 0.000010 0.632109 0.000010 0.000010 0.000010 0.000010 0.000010 0.000010
0.586243 0.001769 0.000010 0.001932 0.404322 0.000010 0.000010 0.000010 0.000010 0.004120 0.001564
0.168600 0.061144 0.000010 0.000010 0.764920 0.005266 0.000010 0.000010 0.000010 0.000010 0.000010
0.805074 0.000010 0.000010 0.010725 0.117002 0.060555 0.000010 0.006293 0.000010 0.000010 0.000300
0.475377 0.000010 0.000010 0.002061 0.522483 0.000010 0.000010 0.000010 0.000010 0.000010 0.000010
0.754945 0.199782 0.000010 0.009296 0.020646 0.000010 0.000010 0.008852 0.000010 0.000010 0.006429
0.191808 0.116403 0.000010 0.000010 0.687969 0.000010 0.000010 0.000010 0.000012 0.000010 0.003749
0.379288 0.000010 0.000010 0.000013 0.608888 0.011741 0.000010 0.000010 0.000010 0.000010 0.000010
0.854675 0.000010 0.000010 0.000010 0.108703 0.027142 0.000010 0.007568 0.000010 0.001100 0.000762
0.108590 0.035625 0.000010 0.000010 0.855703 0.000010 0.000010 0.000010 0.000010 0.000012 0.000010
0.503254 0.029936 0.000010 0.000010 0.466730 0.000010 0.000010 0.000010 0.000010 0.000010 0.000010
0.857559 0.000010 0.000010 0.001439 0.108695 0.009957 0.000010 0.010343 0.000010 0.009609 0.002357
0.102342 0.025751 0.000010 0.000010 0.871826 0.000010 0.000010 0.000010 0.000010 0.000010 0.000010
0.138710 0.124919 0.000010 0.000010 0.730170 0.004539 0.000473 0.000010 0.000010 0.000302 0.000848
0.063485 0.000010 0.000010 0.000010 0.921025 0.015409 0.000010 0.000010 0.000010 0.000010 0.000010
0.413304 0.000010 0.000010 0.000012 0.584108 0.002506 0.000010 0.000010 0.000010 0.000010 0.000010
0.369383 0.004165 0.000010 0.000010 0.618380 0.000010 0.003360 0.004241 0.000421 0.000010 0.000010
0.127616 0.012540 0.000010 0.000010 0.854971 0.004803 0.000010 0.000010 0.000010 0.000010 0.000010
0.043866 0.090718 0.000010 0.000010 0.865336 0.000010 0.000010 0.000010 0.000010 0.000010 0.000010
0.033537 0.033186 0.000010 0.000010 0.905210 0.027996 0.000010 0.000010 0.000010 0.000010 0.000010
0.530404 0.095765 0.000010 0.000010 0.362366 0.000010 0.000010 0.009233 0.000197 0.000010 0.001984
0.084165 0.000010 0.000010 0.000010 0.915745 0.000010 0.000010 0.000010 0.000010 0.000010 0.000010
0.105662 0.064612 0.000011 0.000010 0.819943 0.009713 0.000010 0.000010 0.000010 0.000010 0.000010
0.132167 0.045654 0.000010 0.000010 0.798535 0.019686 0.000010 0.000010 0.000010 0.003898 0.000010
0.376374 0.000010 0.000010 0.001327 0.610214 0.011257 0.000010 0.000010 0.000010 0.000010 0.000767
0.124381 0.064538 0.000010 0.000010 0.801304 0.007174 0.000010 0.002544 0.000010 0.000010 0.000010
0.053072 0.050555 0.000010 0.000010 0.896293 0.000010 0.000010 0.000010 0.000010 0.000010 0.000010
0.366911 0.032889 0.000010 0.000010 0.600119 0.000010 0.000010 0.000010 0.000010 0.000010 0.000010
0.149268 0.026166 0.000010 0.000010 0.821270 0.003226 0.000010 0.000010 0.000010 0.000010 0.000010
0.821655 0.000010 0.000010 0.007024 0.134959 0.023162 0.000010 0.000010 0.000010 0.005476 0.007673
0.060766 0.000010 0.000010 0.000010 0.914495 0.024658 0.000010 0.000010 0.000010 0.000010 0.000010
0.126044 0.001998 0.000010 0.000010 0.869710 0.000569 0.000010 0.001108 0.000010 0.000010 0.000522
0.069775 0.051662 0.000010 0.000010 0.867536 0.009817 0.000010 0.000010 0.000010 0.000010 0.001150
0.262696 0.028332 0.000010 0.000010 0.707247 0.001656 0.000010 0.000010 0.000010 0.000010 0.000010
0.618242 0.011163 0.000010 0.001716 0.344180 0.015627 0.000010 0.006680 0.000010 0.000010 0.002353
0.085603 0.192703 0.000010 0.000010 0.718790 0.002835 0.000010 0.000010 0.000010 0.000010 0.000010
0.043325 0.087612 0.000010 0.000010 0.829059 0.039926 0.000010 0.000010 0.000017 0.000010 0.000010
0.142727 0.112172 0.000010 0.000010 0.744618 0.000414 0.000010 0.000010 0.000010 0.000010 0.000010
0.293603 0.042920 0.000014 0.000010 0.650940 0.011111 0.000010 0.000010 0.000010 0.000010 0.001361
0.219826 0.000010 0.000010 0.000010 0.774418 0.005676 0.000010 0.000010 0.000010 0.000010 0.000010
0.529422 0.000010 0.000010 0.000010 0.432948 0.035608 0.000010 0.000010 0.000010 0.000010 0.001952
0.000010 0.111590 0.000010 0.000010 0.861700 0.026622 0.000019 0.000010 0.000010 0.000010 0.000010
0.671968 0.000010 0.000010 0.000010 0.322657 0.000010 0.000010 0.001935 0.000010 0.003370 0.000010
0.000010 0.025202 0.000010 0.000010 0.957053 0.017664 0.000010 0.000010 0.000010 0.000010 0.000010
0.028881 0.030989 0.000010 0.000010 0.908987 0.031074 0.000010 0.000010 0.000010 0.000010 0.000010
0.008025 0.107886 0.000010 0.000011 0.861757 0.022260 0.000010 0.000010 0.000010 0.000010 0.000010
0.000010 0.012578 0.000010 0.000010 0.980237 0.007104 0.000010 0.000010 0.000010 0.000010 0.000010
0.024470 0.000010 0.000010 0.000010 0.941908 0.033542 0.000010 0.000010 0.000010 0.000010 0.000010
0.368189 0.000010 0.000010 0.000010 0.619658 0.012066 0.000010 0.000010 0.000010 0.000017 0.000010
0.808415 0.000010 0.000010 0.001251 0.110665 0.069080 0.000010 0.002589 0.000010 0.004371 0.003588
0.403700 0.000010 0.000010 0.000010 0.596210 0.000010 0.000010 0.000010 0.000010 0.000010 0.000010
0.000010 0.031675 0.000010 0.000010 0.950483 0.017762 0.000010 0.000010 0.000010 0.000010 0.000010
0.605336 0.017164 0.000010 0.000010 0.369937 0.000010 0.000010 0.007493 0.000010 0.000010 0.000010
0.155831 0.100797 0.000010 0.000010 0.743292 0.000010 0.000010 0.000010 0.000010 0.000010 0.000010
0.822989 0.036547 0.000010 0.009093 0.102744 0.014455 0.000010 0.001120 0.000010 0.008071 0.004952
0.704348 0.000010 0.000010 0.000010 0.295562 0.000010 0.000010 0.000010 0.000010 0.000010 0.000010
0.421809 0.009673 0.000010 0.000010 0.541596 0.026852 0.000010 0.000010 0.000010 0.000010 0.000010
0.085969 0.005676 0.000010 0.000010 0.907457 0.000010 0.000010 0.000010 0.000010 0.000828 0.000010
0.043434 0.066029 0.000264 0.000010 0.883702 0.006507 0.000010 0.000014 0.000010 0.000010 0.000010
0.228094 0.014212 0.000010 0.000010 0.757614 0.000010 0.000010 0.000010 0.000010 0.000010 0.000010
0.228035 0.034840 0.000010 0.000010 0.723893 0.012734 0.000010 0.000010 0.000010 0.000010 0.000439
0.763792 0.000010 0.000010 0.008932 0.151829 0.046004 0.000010 0.013802 0.000010 0.009963 0.005639
0.151588 0.000010 0.000010 0.000010 0.821650 0.023772 0.000010 0.000010 0.000010 0.002920 0.000010
0.434165 0.000010 0.000010 0.000010 0.565745 0.000010 0.000010 0.000010 0.000010 0.000010 0.000010
0.543974 0.072810 0.000010 0.001469 0.363453 0.018022 0.000010 0.000010 0.000010 0.000010 0.000223
0.389496 0.000010 0.000010 0.000010 0.610414 0.000010 0.000010 0.000010 0.000010 0.000010 0.000010
0.759506 0.004884 0.000010 0.000010 0.210503 0.010699 0.000010 0.000010 0.000010 0.007116 0.007242
0.000010 0.130075 0.000010 0.000010 0.869835 0.000010 0.000010 0.000010 0.000010 0.000010 0.000010
0.307172 0.000010 0.000010 0.000010 0.688799 0.003950 0.000010 0.000010 0.000010 0.000010 0.000010
0.693342 0.035689 0.000010 0.000010 0.260008 0.002935 0.000010 0.007965 0.000010 0.000010 0.000010
0.174167 0.000010 0.000010 0.000010 0.802691 0.023062 0.000010 0.000010 0.000010 0.000010 0.000010
0.000010 0.103802 0.000010 0.000010 0.869969 0.024689 0.000010 0.000010 0.000010 0.000010 0.001470
0.005926 0.102851 0.000010 0.000010 0.873634 0.017511 0.000010 0.000019 0.000010 0.000010 0.000010
0.422457 0.000010 0.000010 0.000010 0.574922 0.002541 0.000010 0.000010 0.000010 0.000010 0.000010
0.133994 0.110084 0.000010 0.000010 0.741015 0.014838 0.000010 0.000010 0.000010 0.000010 0.000010
0.114981 0.104905 0.000010 0.000010 0.768517 0.010972 0.000010 0.000010 0.000010 0.000010 0.000565
0.160279 0.133090 0.000010 0.000010 0.697522 0.009018 0.000010 0.000010 0.000010 0.000010 0.000031
0.045471 0.015534 0.000010 0.000010 0.911980 0.026946 0.000010 0.000010 0.000010 0.000010 0.000010
0.105018 0.023886 0.000010 0.000010 0.858366 0.012660 0.000010 0.000010 0.000010 0.000010 0.000010
0.130971 0.000010 0.000010 0.000010 0.854004 0.014945 0.000010 0.000010 0.000010 0.000010 0.000010
0.061820 0.115868 0.000010 0.000010 0.820856 0.001386 0.000010 0.000010 0.000010 0.000010 0.000010
0.189530 0.000010 0.000010 0.003431 0.806959 0.000010 0.000010 0.000010 0.000010 0.000010 0.000010
0.125521 0.109831 0.000010 0.000010 0.764568 0.000010 0.000010 0.000010 0.000010 0.000010 0.000010
0.075470 0.032194 0.000010 0.000010 0.892256 0.000010 0.000010 0.000010 0.000010 0.000010 0.000010
0.534805 0.000010 0.000010 0.000010 0.465105 0.000010 0.000010 0.000010 0.000010 0.000010 0.000010
0.316948 0.000010 0.000010 0.000010 0.682962 0.000010 0.000010 0.000010 0.000010 0.000010 0.000010
0.000010 0.052069 0.000010 0.000010 0.946005 0.000010 0.000010 0.000010 0.000010 0.000010 0.001846
0.509596 0.230020 0.000010 0.001145 0.248343 0.000010 0.000010 0.005446 0.000010 0.003794 0.001616
0.140280 0.128002 0.000010 0.000010 0.721718 0.009929 0.000010 0.000010 0.000010 0.000010 0.000010
0.059949 0.104774 0.000010 0.000010 0.822273 0.011687 0.000010 0.000010 0.000010 0.000010 0.001257
0.051981 0.023359 0.000010 0.000010 0.918263 0.006327 0.000010 0.000010 0.000010 0.000010 0.000010
0.552178 0.000010 0.000010 0.003153 0.408387 0.021015 0.000010 0.007429 0.000011 0.007787 0.000010
0.642402 0.118768 0.000010 0.000010 0.237929 0.000010 0.000010 0.000010 0.000010 0.000831 0.000010
0.045379 0.000010 0.000010 0.000010 0.941588 0.012954 0.000010 0.000010 0.000010 0.000010 0.000010
0.701077 0.000010 0.000010 0.003207 0.295187 0.000010 0.000010 0.000010 0.000010 0.000010 0.000459
0.756681 0.000010 0.000010 0.004244 0.212392 0.017804 0.000010 0.000010 0.000010 0.008203 0.000626
0.608975 0.000010 0.000010 0.000010 0.373183 0.017757 0.000010 0.000010 0.000010 0.000015 0.000010
0.114961 0.075330 0.000010 0.000010 0.804926 0.004710 0.000010 0.000010 0.000013 0.000010 0.000010
0.000010 0.344262 0.000010 0.000010 0.655648 0.000010 0.000010 0.000010 0.000010 0.000010 0.000010
0.611742 0.007077 0.000010 0.000010 0.365474 0.015331 0.000010 0.000010 0.000011 0.000010 0.000315
0.599158 0.036643 0.000010 0.000011 0.356969 0.007151 0.000011 0.000010 0.000010 0.000016 0.000010
0.171782 0.025521 0.000010 0.000010 0.801667 0.000960 0.000010 0.000010 0.000010 0.000010 0.000010
0.081338 0.081518 0.000010 0.000010 0.837064 0.000010 0.000010 0.000010 0.000010 0.000010 0.000010
0.308594 0.056097 0.000010 0.000010 0.632566 0.002672 0.000010 0.000010 0.000010 0.000010 0.000010
0.104102 0.055214 0.000010 0.000010 0.838105 0.000010 0.000010 0.000010 0.000010 0.000010 0.002509
0.084357 0.063540 0.000010 0.000010 0.829915 0.017226 0.000010 0.000010 0.000010 0.003783 0.001129
0.456927 0.000010 0.000010 0.000014 0.532675 0.010314 0.000010 0.000010 0.000010 0.000010 0.000010
0.159540 0.075680 0.000543 0.000010 0.737898 0.026279 0.000010 0.000010 0.000010 0.000010 0.000010
0.077739 0.000010 0.000010 0.001188 0.892835 0.017465 0.000010 0.000010 0.000010 0.006114 0.004609
0.112536 0.049159 0.000010 0.000010 0.827216 0.011019 0.000010 0.000010 0.000010 0.000010 0.000010
0.078185 0.000010 0.000010 0.000010 0.904931 0.016287 0.000010 0.000010 0.000010 0.000010 0.000526
0.420778 0.000010 0.000010 0.000010 0.579132 0.000010 0.000010 0.000010 0.000010 0.000010 0.000010
0.054256 0.051943 0.000010 0.000010 0.879008 0.014724 0.000010 0.000010 0.000010 0.000010 0.000010
0.083757 0.000010 0.000010 0.000010 0.884684 0.031479 0.000010 0.000010 0.000010 0.000010 0.000010
0.399605 0.000010 0.000010 0.000010 0.600305 0.000010 0.000010 0.000010 0.000010 0.000010 0.000010
0.390030 0.000010 0.000010 0.000010 0.584540 0.018869 0.000010 0.000010 0.000010 0.000010 0.006491
0.113066 0.069868 0.000010 0.000010 0.801012 0.015984 0.000010 0.000010 0.000010 0.000010 0.000010
0.657807 0.000010 0.000010 0.000010 0.301084 0.017770 0.003354 0.007262 0.000010 0.005510 0.007173
0.178101 0.089256 0.000010 0.000010 0.717256 0.015312 0.000010 0.000010 0.000015 0.000010 0.000010
0.390683 0.000010 0.000010 0.001182 0.605161 0.002120 0.000010 0.000010 0.000010 0.000010 0.000795
0.075765 0.035435 0.000010 0.000010 0.881428 0.007303 0.000010 0.000010 0.000010 0.000010 0.000010
0.033498 0.033737 0.000010 0.000010 0.913324 0.019371 0.000010 0.000010 0.000010 0.000010 0.000010
0.000010 0.345555 0.000010 0.000010 0.654355 0.000010 0.000010 0.000010 0.000010 0.000010 0.000010
0.506000 0.018805 0.000010 0.000010 0.468744 0.000010 0.000010 0.000809 0.000010 0.004060 0.001533
0.836840 0.000010 0.000010 0.000010 0.094650 0.046565 0.000010 0.006132 0.000010 0.015753 0.000010
0.005542 0.017356 0.000010 0.000010 0.977021 0.000010 0.000010 0.000010 0.000010 0.000010 0.000010
0.094814 0.090010 0.000010 0.000010 0.815096 0.000010 0.000010 0.000010 0.000010 0.000010 0.000010
0.219312 0.020581 0.000010 0.000010 0.751898 0.008139 0.000010 0.000010 0.000010 0.000010 0.000010
0.842185 0.063510 0.000010 0.000584 0.043145 0.025234 0.000010 0.017676 0.000010 0.005564 0.002073
0.447040 0.026844 0.000010 0.000010 0.526037 0.000010 0.000010 0.000010 0.000010 0.000010 0.000010
0.041150 0.000010 0.000010 0.000010 0.958760 0.000010 0.000010 0.000010 0.000010 0.000010 0.000010
0.286170 0.110990 0.000018 0.000010 0.601992 0.000010 0.000770 0.000010 0.000010 0.000010 0.000010
0.336748 0.000010 0.000010 0.000010 0.663162 0.000010 0.000010 0.000010 0.000010 0.000010 0.000010
0.464754 0.000010 0.000010 0.000010 0.535156 0.000010 0.000010 0.000010 0.000010 0.000010 0.000010
0.394235 0.000010 0.000010 0.000010 0.605675 0.000010 0.000010 0.000010 0.000010 0.000010 0.000010
0.414052 0.044671 0.000010 0.000010 0.529727 0.011479 0.000010 0.000011 0.000010 0.000010 0.000010
0.225796 0.000010 0.000010 0.000010 0.764311 0.008016 0.000010 0.000010 0.000010 0.000010 0.001807
0.807823 0.000010 0.000010 0.011583 0.153849 0.016293 0.000010 0.000010 0.000010 0.002909 0.007492
0.103828 0.144612 0.000010 0.000010 0.729768 0.021721 0.000010 0.000010 0.000010 0.000010 0.000010
0.815291 0.008774 0.000010 0.005054 0.107167 0.043419 0.000010 0.001218 0.000010 0.009922 0.009124
0.444640 0.032331 0.000010 0.000010 0.522948 0.000010 0.000010 0.000010 0.000010 0.000010 0.000010
0.057694 0.038308 0.000010 0.000010 0.903918 0.000010 0.000010 0.000010 0.000010 0.000010 0.000010
0.094849 0.137789 0.000010 0.000010 0.767283 0.000010 0.000010 0.000010 0.000010 0.000010 0.000010
0.866007 0.015789 0.000010 0.004575 0.069697 0.011278 0.000010 0.006842 0.000010 0.015452 0.010331
0.087452 0.030253 0.000010 0.000010 0.867934 0.014291 0.000010 0.000010 0.000010 0.000010 0.000010
0.644532 0.000010 0.000013 0.007507 0.326521 0.009455 0.000014 0.000010 0.000010 0.008349 0.003579
0.401976 0.000010 0.000010 0.000010 0.594407 0.002318 0.000010 0.000010 0.000010 0.000010 0.001230
0.403374 0.000010 0.000016 0.000010 0.582509 0.014029 0.000010 0.000012 0.000010 0.000010 0.000010
0.000010 0.328790 0.000010 0.000010 0.671120 0.000010 0.000010 0.000010 0.000010 0.000010 0.000010
0.613003 0.096195 0.000010 0.000010 0.290722 0.000010 0.000010 0.000010 0.000010 0.000010 0.000010
0.396721 0.008987 0.000010 0.000010 0.588565 0.005657 0.000010 0.000010 0.000010 0.000010 0.000010
0.018830 0.050095 0.000010 0.000010 0.918216 0.012789 0.000010 0.000010 0.000010 0.000010 0.000010
0.094685 0.131566 0.000010 0.000010 0.773668 0.000010 0.000011 0.000010 0.000010 0.000010 0.000010
0.067570 0.156666 0.000010 0.000010 0.750208 0.025486 0.000010 0.000010 0.000010 0.000010 0.000010
0.566279 0.000010 0.000010 0.000013 0.402249 0.031388 0.000010 0.000010 0.000010 0.000010 0.000010
0.618386 0.000010 0.000010 0.000010 0.365999 0.007273 0.000010 0.000010 0.000010 0.004335 0.003947
0.827843 0.015264 0.000010 0.015428 0.092095 0.036108 0.000010 0.008294 0.000010 0.003288 0.001652
0.558146 0.000010 0.000010 0.000010 0.436637 0.004222 0.000010 0.000010 0.000010 0.000010 0.000925
0.656570 0.044567 0.000012 0.000010 0.298781 0.000010 0.000010 0.000010 0.000010 0.000010 0.000010
0.000010 0.082795 0.000010 0.000014 0.917111 0.000010 0.000010 0.000010 0.000010 0.000010 0.000010
0.150505 0.002513 0.000010 0.000010 0.831639 0.015273 0.000010 0.000010 0.000010 0.000010 0.000010
0.255387 0.000010 0.000010 0.000010 0.744523 0.000010 0.000010 0.000010 0.000010 0.000010 0.000010
0.782335 0.000010 0.000010 0.000010 0.152164 0.041729 0.000016 0.009861 0.000010 0.013845 0.000010
0.329683 0.001629 0.000010 0.000010 0.662008 0.000010 0.000010 0.000010 0.000010 0.003514 0.003107
0.000010 0.224902 0.000010 0.000010 0.775008 0.000010 0.000010 0.000010 0.000010 0.000010 0.000010
0.444649 0.038650 0.000010 0.000011 0.516618 0.000010 0.000010 0.000012 0.000010 0.000010 0.000010
0.564785 0.000010 0.000010 0.000010 0.435125 0.000010 0.000010 0.000010 0.000010 0.000010 0.000010
0.320248 0.186946 0.000010 0.000010 0.438936 0.053799 0.000010 0.000010 0.000010 0.000010 0.000010
0.295146 0.000010 0.000010 0.003697 0.672933 0.025402 0.000010 0.000010 0.000010 0.002763 0.000010
0.524925 0.000010 0.000010 0.000010 0.470348 0.000010 0.000010 0.001074 0.000010 0.000010 0.003582
0.165550 0.095727 0.000010 0.000010 0.732688 0.000010 0.000010 0.000435 0.000886 0.003826 0.000848
0.202804 0.020240 0.000010 0.000010 0.776876 0.000010 0.000010 0.000010 0.000010 0.000010 0.000010
0.426196 0.011031 0.000010 0.000010 0.562577 0.000010 0.000010 0.000010 0.000010 0.000010 0.000126
0.106451 0.168737 0.000010 0.000010 0.724732 0.000010 0.000010 0.000010 0.000010 0.000010 0.000010
0.097478 0.037147 0.000010 0.000010 0.865295 0.000010 0.000010 0.000010 0.000010 0.000010 0.000010
0.278767 0.188276 0.000010 0.000010 0.532877 0.000010 0.000010 0.000010 0.000010 0.000010 0.000010
0.142683 0.110931 0.000010 0.000010 0.746307 0.000010 0.000010 0.000010 0.000010 0.000010 0.000010
0.801102 0.000010 0.000010 0.000010 0.164642 0.033935 0.000010 0.000010 0.000010 0.000010 0.000251
0.035983 0.016777 0.000010 0.000010 0.944835 0.002335 0.000010 0.000010 0.000010 0.000010 0.000010
0.022251 0.145482 0.000010 0.000010 0.832187 0.000010 0.000010 0.000010 0.000010 0.000010 0.000010
0.052510 0.000010 0.000010 0.000010 0.922413 0.024997 0.000010 0.000010 0.000010 0.000010 0.000010
0.132835 0.000010 0.000010 0.000010 0.843307 0.023778 0.000010 0.000010 0.000010 0.000010 0.000010
0.177933 0.003768 0.000010 0.000010 0.797187 0.021042 0.000010 0.000010 0.000010 0.000010 0.000010
0.183260 0.152654 0.000010 0.000010 0.664006 0.000010 0.000010 0.000010 0.000010 0.000010 0.000010
0.450071 0.000010 0.000012 0.000010 0.541904 0.007943 0.000010 0.000010 0.000010 0.000010 0.000010
0.167935 0.038129 0.000010 0.000010 0.793508 0.000010 0.000358 0.000010 0.000010 0.000010 0.000010
0.439060 0.004765 0.000010 0.000010 0.537933 0.015238 0.000010 0.000010 0.000010 0.002408 0.000546
0.087889 0.062343 0.000010 0.000010 0.849688 0.000010 0.000010 0.000010 0.000010 0.000010 0.000010
0.014676 0.050321 0.000010 0.000010 0.934923 0.000010 0.000010 0.000010 0.000010 0.000010 0.000010
0.008193 0.063820 0.000010 0.000010 0.900051 0.027865 0.000010 0.000010 0.000010 0.000010 0.000010
0.430636 0.000010 0.000010 0.000012 0.564261 0.005018 0.000010 0.000010 0.000010 0.000012 0.000010
0.403828 0.000010 0.000010 0.002180 0.580796 0.013126 0.000010 0.000010 0.000010 0.000010 0.000010
0.844182 0.000010 0.000010 0.000793 0.125163 0.000010 0.000010 0.011565 0.000010 0.014836 0.003411
0.110737 0.062806 0.000010 0.000010 0.824668 0.001719 0.000010 0.000010 0.000010 0.000010 0.000010
0.210033 0.000879 0.000010 0.000010 0.789008 0.000010 0.000010 0.000010 0.000010 0.000010 0.000010
0.792915 0.000010 0.000010 0.002168 0.143199 0.032031 0.000010 0.010295 0.000010 0.013515 0.005838
0.645115 0.017949 0.000010 0.004473 0.278790 0.041445 0.000010 0.003847 0.000010 0.001862 0.006489
